0.622194112074794	0.046756360729985	0.001398112232818
0.622819619755319	0.046250875963560	0.001298550896173
0.623444059667236	0.044054078589934	0.001269301878777
0.624069567355036	0.045466724012720	0.001262019928505
0.624694007259677	0.043016537373172	0.001192553791042
0.625319514947478	0.047095212875511	0.001537377861970
0.625943954859395	0.046429556964239	0.001353564806541
0.626569462547195	0.044546895156509	0.001306438907625
0.627193902451836	0.045263923375747	0.001345519628367
0.627819410139637	0.044202808919274	0.001278805950625
0.628443850051553	0.046788792392376	0.001405823013862
0.629068289956194	0.048431705809642	0.001391767009116
0.629693797643995	0.045699962839635	0.001306234825683
0.630318237555912	0.047466753396936	0.001311571288208
0.630943745243712	0.047170893243689	0.001322436763835
0.631568185148353	0.047354281041934	0.001457645180268
0.632818132748071	0.045282041420234	0.001288002456699
0.633443640428595	0.047323022650519	0.001319265882316
0.634068080340512	0.047070973091881	0.001376255115419
0.634692520252429	0.050119456864463	0.001370510828220
0.635318027940230	0.046565248814539	0.001307955876365
0.635942467844870	0.043873993068980	0.001247307015902
0.636567975532671	0.043063818741931	0.001165231978485
0.637192415444588	0.045677250959443	0.001260294549735
0.637817923125112	0.046941637495629	0.001332934292739
0.638442363037029	0.049778947599950	0.001421629258862
0.639067870724830	0.046193303287173	0.001339618072153
0.639692310636747	0.045575882252100	0.001476867280261
0.640317818317271	0.043939866737642	0.001307506928070
0.640942258229188	0.046440994193068	0.001333549631742
0.641566698141105	0.047583822707991	0.001361354165108
0.642192205821630	0.046513824553980	0.001410691441904
0.642816645733546	0.048296972234655	0.001674900709146
0.643442153421347	0.046833018871264	0.001372164260063
0.644066593333264	0.043468319032571	0.001360076254503
0.644692101013788	0.045530801711759	0.001338258620135
0.645316540925705	0.045093545317551	0.001359529401573
0.645942048613506	0.048540667228183	0.001412884858609
0.646566488518147	0.046190553734397	0.001518584410635
0.647191996205947	0.045607925807078	0.001393424877987
0.647816436117864	0.043523334909607	0.001249619749802
0.648440876029781	0.044895289393004	0.001580746318180
0.649066383710306	0.048750046570545	0.001536232968766
0.649690823622223	0.049641599014072	0.001469269611922
0.650316331310023	0.047076092369794	0.001472100661656
0.650940771214664	0.046086187056371	0.001525779286013
0.651566278902465	0.048531812269473	0.001374085413104
0.652190718814381	0.045442331992273	0.001295401151124
0.652816226502182	0.045859779139304	0.001347958425847
0.653440666406823	0.047708803942852	0.001446236878601
0.654066174094623	0.045699706576443	0.001349309865358
0.654690614006540	0.047843539605629	0.001443031014605
0.655315053911181	0.045893081977628	0.001404307576110
0.655940561598982	0.047647555860365	0.001432821863567
0.656565001510899	0.046893507052870	0.001321002601789
0.657190509198699	0.043381127394842	0.001239062310115
0.657814949103340	0.045747783628669	0.001345864174699
0.658440456791141	0.047523942352394	0.001326455742258
0.659064896703057	0.047361678127346	0.001431951745567
0.659690404390858	0.047581504841432	0.001529518489848
0.660314844295499	0.049206214711025	0.001388391503488
0.660940351983299	0.044776336878916	0.001467563420234
0.661564791895216	0.044011477058874	0.001358058799910
0.662189231799857	0.046303987457614	0.001350333026765
0.662814739487658	0.044889155271414	0.001398706681729
0.663439179399575	0.048680808169347	0.001542400099144
0.664064687087375	0.045799504850333	0.001297386312251
0.664689126992016	0.044028772893578	0.001261997486275
0.665314634679817	0.048124292317116	0.001368820118763
0.665939074591734	0.043352004612067	0.001282264261933
0.666564582272258	0.048559971117900	0.001414033514807
0.667189022184175	0.050357140277768	0.001408978165666
0.667814529871976	0.047895224391012	0.001419062111925
0.668438969783892	0.045483294275927	0.001419176854795
0.669063409688533	0.045885180995475	0.001329971347060
0.669688917376334	0.046954627430673	0.001313626387253
0.670313357288251	0.045756989381042	0.001278991261724
0.670938864968775	0.045455726122756	0.001399219691184
0.671563304880692	0.047045956044040	0.001393696390397
0.672188812568493	0.047080854081486	0.001459652013947
0.672813252480410	0.046577711885347	0.001464268934282
0.673438760160934	0.048589624920253	0.001465675075803
0.674063200072851	0.042723265494578	0.001444799800855
0.675313147665292	0.043945154885276	0.001477403096809
0.675937587577209	0.045708268701668	0.001362803126579
0.676563095265010	0.046422858403663	0.001395549519096
0.677187535176927	0.045923485264507	0.001385347592548
0.677813042857451	0.046343716513321	0.001367564730109
0.678437482769368	0.045970270937106	0.001283465590200
0.679062990457169	0.046465848745651	0.001406645480052
0.679687430361810	0.047429712682923	0.001328015789698
0.680312938049610	0.045708907207095	0.001324949310227
0.680937377961527	0.046219543730606	0.001327545955086
0.681562885649328	0.045100983262778	0.001289572912238
0.682187325553969	0.048965839411763	0.001375436605162
0.682811765465885	0.047728711444849	0.001309249677797
0.683437273153686	0.044644587584792	0.001318980762805
0.684061713058327	0.046191312970754	0.001318194773284
0.684687220746127	0.045504678289959	0.001305412519882
0.685311668123177	0.043068226642879	0.001296307132354
0.685937168345845	0.046102104685484	0.001361976747309
0.686561615722894	0.046732665883625	0.001314770565077
0.687187115938286	0.045590800669301	0.001361173340951
0.687811563315336	0.043197025194554	0.001298965191543
0.688437063530728	0.048287191741184	0.001417399011377
0.689061510907777	0.044868759612243	0.001369496461492
0.689685950819694	0.047714528335060	0.001393141041743
0.690311458507495	0.047557926197733	0.001286427462182
0.690935898419411	0.048085586467874	0.001410307127505
0.691561406099936	0.045338006933868	0.001430754230783
0.692185846011853	0.046125258389409	0.001321293147877
0.692811353699653	0.045539889945585	0.001376271951587
0.693435793604294	0.048725486681246	0.001390633725677
0.694061301292095	0.046266688773617	0.001390310061182
0.694685741204012	0.047226652807398	0.001463554772138
0.695311248891812	0.047587191484909	0.001425198419246
0.695935688796453	0.046880638758571	0.001377236138039
0.696560128708370	0.046437994722955	0.001427851895797
0.697185636396171	0.048716156095081	0.001425622425737
0.698435583988612	0.047095813829175	0.001415528231561
0.699060023900529	0.049880453942433	0.001454821999241
0.699685531588329	0.047573366380244	0.001463651690247
0.700309971492970	0.048592893842261	0.001410527273633
0.700935479180771	0.048048402567697	0.001385322302458
0.701559919092688	0.045069165551093	0.001375400174951
0.702185426773212	0.047226172525423	0.001434232187698
0.702809866685129	0.044908415432485	0.001387534192452
0.703434306597046	0.049030437588179	0.001478295466115
0.704059814284847	0.047192664828259	0.001530355042807
0.704684254189488	0.045933981260041	0.001411224099336
0.705309761877288	0.049245128662799	0.001449234117720
0.705934201789205	0.048794436142934	0.001525112308161
0.706559709469730	0.046077773731721	0.001281836272932
0.707184149381646	0.044786446882359	0.001335638727282
0.707809657069447	0.046240735514727	0.001367748573599
0.708434096981364	0.045455041169093	0.001328605653675
0.709058536886005	0.045312901509586	0.001344339820237
0.709684044573805	0.045894115135558	0.001586125683147
0.710308484485722	0.047069339803346	0.001482051890139
0.710933992166247	0.049353047251618	0.001539098738343
0.711558432078164	0.046808338631027	0.001466819811237
0.712183939765964	0.045229017225657	0.001305138383715
0.712808379677881	0.045042472947728	0.001275269711073
0.713433887358406	0.049944195387068	0.001424251286342
0.714058327270322	0.046572480857135	0.001405517409017
0.714683834958123	0.044330566850480	0.001340760629252
0.715308274862764	0.049149172357586	0.001481077686839
0.715932714774681	0.047979913261812	0.001393257671254
0.716558222462481	0.047525884794234	0.001436589182481
0.717182662374398	0.049560607422051	0.001461902949289
0.717808170054923	0.047417731042760	0.001374897418354
0.718432609966840	0.047127016129032	0.001487093153165
0.719058117654640	0.047323286805487	0.001525861142957
0.720308065247082	0.048964723497927	0.001465998516825
0.720932505158999	0.044842929945995	0.001275042531664
0.721558012846799	0.048067961477069	0.001324753170474
0.722182452751440	0.048008699490735	0.001394520599466
0.722806892663357	0.046135694074719	0.001298967257560
0.723432400351157	0.048297322995629	0.001332800528829
0.724056840255798	0.048367755795545	0.001415200198647
0.724682347943599	0.046936733820981	0.001393981975562
0.725306787855516	0.048159351677968	0.001374043964247
0.725932295543316	0.047762191048764	0.001469466501120
0.726556735447957	0.048011748757343	0.001346564815652
0.727182243135758	0.045794153681948	0.001401457273257
0.727806683047675	0.044924934243580	0.001356211701636
0.728432190728199	0.044579282111265	0.001378009367468
0.729056630640116	0.046873184617172	0.001363708821547
0.729681070552033	0.049716470071013	0.001488754039467
0.730306578239833	0.050727136431784	0.001412939180659
0.730931018144474	0.049631107359304	0.001485198052361
0.731556525832275	0.046790131002587	0.001504025397651
0.732180965744192	0.045703235878513	0.001342681364003
0.732806473424716	0.048647624285168	0.001347923839038
0.733430913336633	0.043490101833893	0.001445087536866
0.734056421024434	0.048651415608520	0.001471028821805
0.734680860936351	0.047104623224807	0.001382904070789
0.735306368616875	0.047304639159699	0.001356142543116
0.735930808528792	0.044277703543815	0.001380630385566
0.736555248440709	0.047270148036839	0.001438009025114
0.737180756121234	0.046406653598842	0.001346594519151
0.737805196033150	0.045947744567576	0.001315549921806
0.738430703720951	0.047524996913961	0.001448781503610
0.739055143632868	0.048052090172904	0.001391925979760
0.739680651313392	0.048198887631196	0.001448965594949
0.740305091225309	0.047394538150803	0.001467549250493
0.740930598913110	0.046450685695491	0.001377622815475
0.741555038817751	0.046600486032892	0.001459991355038
0.742180546505551	0.047036108490653	0.001468673305516
0.742804986417468	0.049209405104594	0.001498088014858
0.743429426329385	0.048312375909993	0.001528296343786
0.744054934009910	0.047250329018935	0.001484295155333
0.744679373921826	0.045515014033604	0.001352918519701
0.745304881609627	0.047924241266236	0.001421643959354
0.745929321514268	0.045722661009418	0.001473048550827
0.746554829202069	0.048565423823955	0.001548418638827
0.747179269113985	0.046893898762738	0.001297402817638
0.747804776801786	0.045694957410307	0.001379238269830
0.748429216706427	0.044312156725422	0.001283189280563
0.749054724394227	0.047365682848804	0.001421440421850
0.749679164306144	0.046191498091846	0.001331054992505
0.750303604210785	0.044787846117529	0.001312446866328
0.750929111898586	0.045697194563283	0.001456846639389
0.751553551810503	0.049477489220137	0.001430008025690
0.752179059498303	0.043176525878000	0.001332562284037
0.752803499402944	0.045917035318007	0.001315031791867
0.753429007090745	0.047222502796389	0.001415125183314
0.754053447002661	0.045668876530798	0.001421139832054
0.754678954690462	0.048494676294211	0.001401257363337
0.755303394595103	0.045030353741254	0.001375006470244
0.755928902282903	0.045378014137054	0.001394288642242
0.756553342194820	0.049380034458892	0.001500078714142
0.757177782099461	0.046084428606466	0.001436415648455
0.757803289787262	0.042508987513207	0.001469585640542
0.758427729699179	0.047390519739160	0.001404183710415
0.759053237386979	0.043856621187072	0.001484954203080
0.759677677291620	0.046172173264058	0.001382801697722
0.760303184979421	0.045928996254439	0.001372601413607
0.760927624891337	0.044907382356655	0.001367597365143
0.761553132571862	0.046614002291503	0.001426391487968
0.762177572483779	0.047163897280967	0.001431989198211
0.762802012395696	0.048113155012715	0.001338951984943
0.763427520083496	0.045469400459090	0.001405018409327
0.764051959988137	0.048697194323424	0.001532875135962
0.764677467675938	0.043780782793693	0.001535432946434
0.765301907587855	0.046373263914568	0.001431077587536
0.765927415268379	0.044454800973995	0.001408894952272
0.766551855180296	0.048822850483522	0.001424795561709
0.767177362868097	0.046543652903302	0.001385563287800
0.767801802780014	0.049621575728835	0.001431787011068
0.768427310460538	0.051447147495876	0.001464822986493
0.769051750372455	0.047683873443126	0.001476075459667
0.769676190284372	0.047751430907604	0.001572229165402
0.770301697964896	0.049788299971182	0.001667108870032
0.770926137876813	0.047192842707734	0.001585710981428
0.771551645564614	0.045434226628854	0.001556338153366
0.772176085476531	0.047225040073720	0.001444969944091
0.772801593157055	0.045034087751147	0.001294000096803
0.773426033068972	0.044860548564332	0.001408175064041
0.774051540756773	0.047081128907026	0.001467064071020
0.774675980661414	0.043703953558558	0.001507683808444
0.775301488349214	0.045410027147704	0.001337878511347
0.775925928261131	0.046911943827470	0.001544078561122
0.776550368173048	0.047514746626941	0.001416862145727
0.777175875853573	0.044270183567991	0.001446433618060
0.777800315765489	0.046530735049065	0.001500447416390
0.778425823453290	0.048763217861995	0.001628716634890
0.779050263357931	0.043975731297894	0.001343566296042
0.779675771045731	0.048450691838649	0.001445677471671
0.780300210957648	0.049928908563220	0.001505044102566
0.780925718645449	0.049079638300696	0.001664707549479
0.781550158550090	0.049655627959447	0.001674262359107
0.782175666237890	0.046488890522485	0.001521791640019
0.782800106149807	0.049533484909549	0.001507086741357
0.783424546054448	0.044710945412842	0.001491450392735
0.784050053742249	0.047638639582598	0.001479494815533
0.784674493654165	0.046718800386972	0.001571610041822
0.785300001341966	0.045459529396285	0.001603342187507
0.785924441246607	0.047068274315563	0.001424071761912
0.786549948934407	0.047534946226689	0.001400678306625
0.787174388846324	0.047384833237926	0.001458641010249
0.787799896526849	0.047865344144590	0.001448077846533
0.788424336438766	0.047112175793050	0.001376883781695
0.789049844126566	0.047230839348986	0.001376133870564
0.789674284038483	0.047660544555366	0.001457055166300
0.790298723943124	0.044953343849180	0.001398168887873
0.790924231630925	0.045219262734677	0.001539004818530
0.791548671542841	0.045698265288243	0.001649614552066
0.792174179223366	0.045235205413954	0.001328856456936
0.792798619135283	0.049350884171699	0.001502372954306
0.793424126823083	0.047555808996031	0.001401138874072
0.794048574200133	0.047903926424293	0.001531697335463
0.794674074415525	0.048353693751356	0.001476003308009
0.795298521792574	0.046350769760906	0.001507493164673
0.795924022015242	0.047393112474936	0.001472421970001
0.796548469392292	0.048852143818496	0.001442577164246
0.797172909296933	0.048788772348923	0.001431378005575
0.797798416984733	0.047935546679265	0.001458329174186
0.798422856896650	0.047559122035727	0.001401523918720
0.799048364584451	0.050492664768995	0.001374846363780
0.799672804489092	0.048347943114108	0.001531310445331
0.800298312176892	0.046301388332050	0.001325576199558
0.800922752088809	0.048804942421964	0.001396075821550
0.801548259769334	0.045375756675314	0.001378361815625
0.802172699681250	0.050633580123924	0.001451865915427
0.802798207369051	0.044992410785179	0.001344218643247
0.803422647280968	0.047334603196896	0.001618530735961
0.804047087185609	0.045538517334784	0.001389750462235
0.804672594873409	0.050563250652245	0.001424746891286
0.805297034785326	0.049406880402811	0.001425138248375
0.805922542465851	0.046071271721007	0.001371576335641
0.806546982377768	0.048873420903777	0.001449789701389
0.807172490065568	0.048387374141237	0.001477739714967
0.807796929977485	0.047422426162860	0.001531684271723
0.808422437658010	0.048995167384894	0.001426417758903
0.809046877569926	0.045972916464242	0.001411561106896
0.809672385257727	0.048492661642205	0.001391485772813
0.810296825162368	0.045185105250820	0.001340033313331
0.810921265074285	0.047570689483266	0.001390043590435
0.811546772762085	0.050243951157982	0.001455905934979
0.812171212674002	0.044698445254832	0.001373177098425
0.812796720354527	0.045913747293656	0.001383243891115
0.813421160266444	0.048110351464603	0.001371079504690
0.814046667954244	0.048939610080837	0.001457614316672
0.815296615546686	0.048351178693540	0.001317940861323
0.815921055458602	0.046457206429585	0.001324208538086
0.816546563146403	0.048903517313910	0.001507044398420
0.817171003051044	0.051123280330244	0.001482921308662
0.817795442962961	0.045192061556068	0.001526604961102
0.818420950650761	0.048579603950554	0.001384227789203
0.819045390555402	0.046997275990836	0.001352148685653
0.819670898243203	0.047353324451627	0.001471149411429
0.820295338155120	0.043227822602598	0.001410916420477
0.820920845842920	0.050353245382182	0.001447948009251
0.821545285747561	0.044891536152836	0.001424089233969
0.822170793435362	0.047581576295991	0.001359116642771
0.822795233347279	0.045896884568581	0.001351708592800
0.823420741027803	0.046963909153892	0.001427950831759
0.824045180939720	0.045816703401442	0.001382738161830
0.824669620851637	0.047996412582426	0.001442163515012
0.825295128539437	0.047139606756146	0.001412721724861
0.825919568444078	0.048941608134249	0.001425750436348
0.826545076131879	0.048294756652552	0.001528527924879
0.827169516043796	0.047440971226460	0.001400752997597
0.827795023724320	0.048437329356516	0.001429057516681
0.828419463636237	0.046472311160246	0.001411451367725
0.829044971324038	0.048393695644830	0.001580788330483
0.829669411235955	0.047114377810171	0.001592610705659
0.830294918916479	0.048814610489120	0.001302934148722
0.830919358828396	0.047146018639034	0.001432445578409
0.832169306420838	0.049681778053582	0.001432164701400
0.832793746332754	0.048177783631700	0.001457067098432
0.833419254020555	0.047158192975213	0.001463758162948
0.834043693932472	0.048556695630047	0.001442265974180
0.834669201612996	0.050133466206357	0.001801387627867
0.835293641524913	0.048527177567699	0.001867098096362
0.835919149212714	0.042832551747588	0.001788703723665
0.836543589124631	0.044997714111551	0.001522670569014
0.837169096805155	0.048313642663851	0.001475587033177
0.837793536717072	0.044147191311035	0.001333403488412
0.838417976628989	0.044768587405426	0.001435194235778
0.839043484309514	0.045478808583324	0.001395309475823
0.839667924221430	0.046109676896540	0.001442421639321
0.840293431909231	0.045519050166429	0.001500108820644
0.840917871821148	0.047169003332775	0.001519440224144
0.841543379501672	0.046107737262419	0.001567244735615
0.842167819413589	0.045537334036817	0.001520680252652
0.842793327101390	0.046766307513651	0.001547950607920
0.843417767006031	0.048469387755102	0.001486947298246
0.844042206917948	0.044911777218549	0.001516992021865
0.844667714605748	0.048863241993960	0.001401845517048
0.845292154517665	0.047293307436735	0.001501716921490
0.845917662198190	0.044728623654959	0.001482654233743
0.846542102110106	0.049470054354329	0.001679604530484
0.847167609797907	0.049431187830240	0.001490882155539
0.847792049702548	0.045359457657888	0.001436104727820
0.848417557390349	0.051308164027870	0.001541425075962
0.849041997302265	0.045474525774784	0.001572793019392
0.849667504990066	0.045821194864513	0.001441973518176
0.850291944894707	0.048070067844685	0.001452975290599
0.850916384806624	0.046279485024908	0.001429543432074
0.851541892494424	0.048111774079976	0.001427774077937
0.852166332399065	0.045195155870169	0.001507790059607
0.852791840086866	0.046211112456119	0.001460492199801
0.854041787686583	0.045268127195343	0.001454711286709
0.854666227591224	0.045039616786672	0.001407860497517
0.855291735279025	0.046497980725772	0.001614029662146
0.855916175190941	0.047412121299183	0.001427510497657
0.856541682871466	0.045559973492379	0.001323441259922
0.857166122783383	0.047557007870113	0.001508997932463
0.857790562695300	0.044554229687619	0.001397168109846
0.858416070383100	0.050478683510052	0.001480135121258
0.859040510287741	0.047062373570862	0.001416288510358
0.859666017975542	0.045688525853433	0.001394165598766
0.860290457887459	0.046583761011661	0.001366006549907
0.860915965567983	0.045304113659578	0.001410956142099
0.861540405479900	0.045897821376682	0.001460011639579
0.862165913167701	0.049915888714299	0.001488277269377
0.862790353079617	0.045867948451072	0.001438200153640
0.863415860760142	0.045655445486689	0.001468325539682
0.864040300672059	0.045553033048134	0.001397944900747
0.864664740583976	0.044613567293380	0.001342337110512
0.865290248264500	0.047649200022145	0.001481907680772
0.865914688176417	0.050508471775892	0.001396988226932
0.866540195864218	0.047315472649659	0.001362866869376
0.867164635776135	0.048972044531923	0.001488294239926
0.867790143456659	0.048611457880057	0.001602033923980
0.868414583368576	0.048391908608019	0.001463905829122
0.869040091056377	0.049785996183135	0.001506707242061
0.869664530961018	0.042958567577403	0.001284587018725
0.870290038648818	0.045606024340397	0.001305247587833
0.870914478560735	0.047637663777005	0.001404907326539
0.871538918472652	0.046996477990165	0.001407621951028
0.872164426153176	0.048232540244722	0.001355862738690
0.872788866065093	0.049140103863129	0.001445612125751
0.873414373752894	0.049429369210305	0.001450156308900
0.874038813657535	0.045632991439245	0.001440167323081
0.874664321345335	0.047409866297833	0.001435918792455
0.875288761257252	0.049560515117165	0.001428841269945
0.875914268945053	0.047122199349515	0.001455157402926
0.876538708849694	0.045952959836771	0.001370796010093
0.877164216537494	0.048818843275711	0.001431547920926
0.877788656449411	0.046399976526769	0.001376232152523
0.878413096354052	0.047064757841559	0.001409592828732
0.879038604041853	0.048152746676126	0.001383841029040
0.879663043953769	0.048662769763504	0.001379861042101
0.880288551641570	0.046075853063494	0.001394768306843
0.880912991546211	0.048066875653083	0.001363066032352
0.881538499234011	0.045786826844027	0.001356027345961
0.882162939145928	0.047676036738102	0.001419291492437
0.882788446826453	0.049119946640975	0.001439600765976
0.883412886738370	0.047807630487480	0.001395184351536
0.884038394426170	0.046540337711069	0.001385413958880
0.884662834338087	0.044811364539281	0.001385419416009
0.885287274242728	0.051355998003439	0.001423253228800
0.885912781930529	0.047797721032194	0.001452291213232
0.886537221842445	0.049716728107342	0.001519608347112
0.887162729522970	0.048114989854053	0.001437352347409
0.887787169434887	0.048076698870658	0.001388022937591
0.888412677122687	0.050601066554186	0.001423240260484
0.889662624715129	0.047651052325537	0.001495948334454
0.890287064627046	0.044697959367539	0.001403087502214
0.890911504538963	0.046429562816803	0.001392211498101
0.891537012219487	0.047300138260194	0.001342141694698
0.892161452131404	0.045622539909122	0.001501231752854
0.892786959819205	0.050823545604698	0.001501098149049
0.893411399731121	0.045276069100151	0.001344948423557
0.894036907411646	0.050441474006789	0.001451456620275
0.894661347323563	0.045321092282128	0.001448095918646
0.895286855011364	0.048141374892117	0.001396626591342
0.895911294916004	0.050978881299889	0.001439138245064
0.896536802603805	0.048584599063123	0.001424877918836
0.897161242515722	0.043531582221217	0.001539138858723
0.897785682427639	0.048417803307452	0.001642023286377
0.898411190108163	0.049099581638414	0.001600900414606
0.899035630020080	0.047363749588421	0.001532359048901
0.899661137707881	0.048176132171815	0.001646383637059
0.900285577612522	0.047680597974009	0.001437428796483
0.900911085300322	0.047238320164569	0.001448213889372
0.901535532677372	0.047774511740307	0.001406205542103
0.902161032900040	0.049190366282714	0.001462344089244
0.902785480277089	0.047259763480892	0.001367708505823
0.903410980492481	0.047726709832643	0.001420485067027
0.904035427869530	0.045581680916864	0.001401868351003
0.904659867781447	0.043514779883689	0.001380498283937
0.905285375461972	0.047725705753064	0.001436376905554
0.905909815373889	0.046379772698251	0.001423226141113
0.906535323061689	0.047516796054224	0.001501685968212
0.907159762973606	0.047527523791752	0.001441519546312
0.907785270654131	0.047561085935637	0.001435115756735
0.908409710566048	0.047948431600459	0.001455024166430
0.909035218253848	0.049144423849870	0.001419881515038
0.909659658158489	0.046395387423262	0.001417149553753
0.910285165846290	0.048120306210231	0.001460911030207
0.910909605758206	0.047811616098509	0.001364267386842
0.911534045670123	0.049333658018241	0.001389603540869
0.912159553350648	0.045943262629683	0.001439333379614
0.912783993262565	0.047220334172374	0.001456828339086
0.913409500950365	0.049022399392559	0.001432688975274
0.914033940855006	0.046790347642136	0.001378688369706
0.914659448542807	0.050648102770307	0.001430008461130
0.915283888454724	0.045288795888851	0.001383933850611
0.915909396142524	0.048744853746164	0.001423553616448
0.916533836047165	0.048448031516783	0.001414796154358
0.917159343734966	0.046513188554385	0.001413815311757
0.917783783646883	0.048471005186064	0.001507120930711
0.918408223551523	0.050946517505227	0.001474856276495
0.919033731239324	0.047006819718393	0.001408301886855
0.920283678839041	0.051171241092218	0.001450109232315
0.920908118743682	0.045532751857699	0.001325490620174
0.921533626431483	0.049168171879456	0.001484252600216
0.922158066343400	0.047421409183528	0.001384263781378
0.922783574031200	0.048206655952334	0.001426798371558
0.923408013935841	0.047951079159754	0.001438285183229
0.924033521623642	0.046854795471032	0.001414795830686
0.924657961535559	0.050605681919302	0.001471862360678
0.925282401440199	0.049203548418428	0.001396290435677
0.925907909128000	0.046684157447943	0.001448325473591
0.926532349039917	0.047102846560645	0.001477480029694
0.927157856727717	0.047302910860815	0.001442331888623
0.927782296632358	0.047803841487766	0.001384040766222
0.928407804320159	0.048982827970297	0.001478395577630
0.929032244232076	0.049315940184537	0.001463707655681
0.929657751912600	0.048381637991790	0.001445136743664
0.930282191824517	0.048805902220519	0.001453411444571
0.930907699512318	0.046224439756832	0.001454825210324
0.931532139424235	0.044419329919029	0.001462113377218
0.932156579328876	0.049526301037092	0.001574663407263
0.932782087016676	0.046802142585200	0.001447637474538
0.933406526928593	0.044138518834189	0.001458909398913
0.934032034609118	0.045164961006581	0.001488768331414
0.934656474521034	0.045602483867222	0.001515937958229
0.935281982208835	0.047946264831304	0.001528787721305
0.935906422120752	0.045827161942192	0.001531731293651
0.936531929801276	0.049146391237043	0.001614753260883
0.937156369713193	0.047263765319212	0.001440156338162
0.937781877400994	0.049754093352884	0.001395927272300
0.938406317305635	0.046060321771597	0.001410841340478
0.939030757217552	0.044590592045325	0.001401420796580
0.939656264905352	0.049507186465331	0.001452808738895
0.940280704817269	0.049317201142177	0.001516791716281
0.940906212497794	0.046367405256898	0.001443791082645
0.941530652409710	0.043915741959752	0.001368435839266
0.942156160097511	0.048230575896736	0.001420049506603
0.942780600002152	0.047495849221843	0.001460556915027
0.943406107689952	0.046136295631358	0.001447365307477
0.944030547601869	0.045590014136438	0.001478832541238
0.944656055289670	0.047448224852071	0.001586328905825
0.945280495194311	0.048943681496405	0.001634306628684
0.945904935106228	0.042675855670786	0.001606003747048
0.946530442794028	0.047744218558863	0.001739559264766
0.947154882698669	0.050728710877943	0.001614514254371
0.947780390386470	0.046387749521466	0.001668783383517
0.948404830298387	0.047878434090992	0.001594767755965
0.949030337986187	0.047152612099800	0.001621849024544
0.949654777890828	0.046217106520227	0.001478619271915
0.950280285578629	0.044025970847479	0.001620511402791
0.950904725490545	0.050013187144418	0.001527530860475
0.951530233171070	0.045207541489482	0.001504129953001
0.952154673082987	0.045362233217635	0.001564514699076
0.952779112994904	0.046911804556730	0.001587826264478
0.953404620682704	0.048531129701208	0.001427812703333
0.954654568275146	0.046612699636441	0.001583002021967
0.955279008187063	0.048016160177700	0.001498389988162
0.955904515867587	0.046235888757765	0.001517456569584
0.956528955779504	0.047753931904104	0.001473808980650
0.957154463467305	0.048133617909898	0.001467598055199
0.957778903379221	0.046599718442046	0.001561275951662
0.958404411059746	0.048578556151480	0.001594850967567
0.959028850971663	0.046659367106447	0.001546589984261
0.959653290883580	0.047205785207736	0.001656503907413
0.960278798564104	0.045912130581721	0.001545749158660
0.960903238476021	0.046993361532572	0.001638544840463
0.961528746163822	0.044033599696576	0.001448988673237
0.962153186075739	0.046136110218661	0.001399010372444
0.962778693756263	0.043377594486026	0.001486460155355
0.963403133668180	0.048966200321902	0.001606686416322
0.964028641355981	0.046954997902303	0.001622107641597
0.964653081260622	0.045196078051877	0.001550625928933
0.965277521172538	0.046464814318248	0.001450160750764
0.965903028860339	0.046556656828184	0.001539640239637
0.966527468772256	0.045838864458510	0.001787143553625
0.967152976452780	0.045191490899890	0.001740295461065
0.967777416364697	0.047259985682063	0.001697276563056
0.968402924052498	0.047131282043802	0.001684043084701
0.969027363957139	0.045040343474721	0.001498201666574
0.969652871644939	0.045384641416211	0.001585661372379
0.970277311556856	0.044771570288717	0.001519289796372
0.970902819244657	0.045817602794257	0.001475179795561
0.971527259149298	0.046945965283395	0.001416506538343
0.972151699061214	0.046746144432622	0.001651682593607
0.972777206749015	0.045382429989300	0.001680691076121
0.973401646653656	0.046888748300210	0.001527621854741
0.974027154341456	0.048390157265165	0.001488835192580
0.974651594253373	0.047800104434603	0.001420378838164
0.975277101941174	0.047214445425678	0.001511106245659
0.975901541845815	0.048385764076678	0.001451462159465
0.976527049533615	0.045930238889514	0.001513716562792
0.977151489445532	0.045680631696170	0.001383365175310
0.977776997126057	0.046772101092262	0.001456896241354
0.978401437037974	0.047620263507303	0.001489289205349
0.979025876949891	0.046847005287051	0.001539126193800
0.979651384637691	0.047149504546493	0.001542555668506
0.980275824542332	0.046092690969042	0.001676734124403
0.980901332230133	0.046774641798419	0.001412478072415
0.981525772142049	0.049335143093770	0.001424200318282
0.982151279822574	0.047442526049345	0.001457699338379
0.982775719734491	0.050700993757356	0.001414886095382
0.983401227422291	0.047992231678757	0.001335306860148
0.984025667334208	0.047347441300193	0.001463292363817
0.984651175014733	0.046632381899172	0.001524775819966
0.985275614926650	0.050649153708867	0.001495356548931
0.985900054838567	0.046947702211741	0.001370525109711
0.986525562519091	0.045585980853962	0.001451533085494
0.987150002431008	0.045052675763902	0.001509049274912
0.987775510118809	0.045116255383541	0.001570361666357
0.988399950030725	0.048797902645859	0.001503074742538
0.989025457711250	0.047611623238682	0.001570615442017
0.989649897623167	0.045625679679004	0.001484108797509
0.990275405310967	0.046115714988459	0.001490644156452
0.990899845215608	0.048594867686680	0.001557636780415
0.991525352903409	0.045623762968949	0.001507358763261
0.992149792815326	0.046098442028052	0.001479728609606
0.992774232727243	0.049288730612801	0.001441554465201
0.993399740407767	0.044390669628689	0.001493867397764
0.994024180319684	0.044550165102188	0.001483872043073
0.994649688007485	0.046984564518553	0.001594390372466
0.995274127912126	0.046273195509955	0.001496417415200
0.995899635599926	0.046629691580832	0.001434959271411
0.996524075511843	0.048850521064757	0.001458584049705
0.997149583199644	0.046433981630932	0.001378610012077
0.997774023104284	0.049983372885711	0.001547309587511
0.998399530792085	0.044225681102164	0.001530759650946
0.999023970704002	0.043040563987361	0.001524961760230
0.999648410608643	0.045848468170978	0.001562327479750
1.000273918296443	0.048048319113365	0.001432391324830
1.000898358208360	0.046833457066893	0.001557955678166
1.001523865896161	0.046923571257771	0.001635808579430
1.002148305800802	0.043590405946740	0.001367543670219
1.002773813488602	0.049161047797367	0.001478076713203
1.003398253400519	0.048660535352551	0.001503613148321
1.004023761088320	0.045072517105925	0.001437795452226
1.004648200992960	0.044770936788261	0.001451826458432
1.005273708680761	0.048971750818885	0.001454698625636
1.005898148592678	0.046457808150216	0.001361019109358
1.006522588497319	0.046557569609440	0.001419123493395
1.007148096185119	0.046545003960443	0.001466432701686
1.007772536097036	0.044518571021461	0.001417690582824
1.008398043784837	0.047179812242489	0.001555587889572
1.009022483689478	0.045940646653074	0.001421906394356
1.009647991377278	0.047075042048431	0.001478890301495
1.010272438754328	0.046727023319616	0.001464082549333
1.010897938969720	0.044407157218694	0.001564331403598
1.011522386346769	0.045271825520652	0.001472012489159
1.012147886569437	0.044834947043725	0.001456286167155
1.012772333946486	0.049455601803026	0.001674464745464
1.013396773851127	0.046098361832308	0.001550129439395
1.014022281538928	0.049119474812797	0.001572716077492
1.014646721450845	0.048153654874211	0.001594416648418
1.015272229138645	0.047800094491587	0.001585062846757
1.015896669043286	0.045502939921726	0.001686339934030
1.016522176731087	0.044722265133626	0.001704423401105
1.017146616643004	0.045677175246014	0.001547172447329
1.017772124330804	0.046263065517512	0.001537931642011
1.018396564235445	0.045806885109290	0.001534952782066
1.019022071923246	0.048104445022683	0.001513167908753
1.019646511835163	0.047816267885145	0.001616929168559
1.020270951739803	0.043870607372406	0.001433241969571
1.020896459427604	0.044403424368832	0.001550280262018
1.021520899339521	0.043811361232364	0.001562339885932
1.022146407027321	0.047932355964130	0.001479762505645
1.022770846931962	0.049444157187177	0.001602759313587
1.023396354619763	0.045977539795621	0.001485275143546
1.024020794531680	0.046595723461861	0.001507331564624
1.024646302212204	0.046568655105364	0.001466904472685
1.025270742124121	0.047187321267135	0.001487893322687
1.025895182036038	0.045224929009117	0.001486537946164
1.026520689723839	0.044397143236583	0.001478435891020
1.027145129628479	0.046729677212444	0.001524511387823
1.027770637316280	0.046687429849925	0.001453828921024
1.028395077228197	0.045352695707751	0.001438380944294
1.029020584908722	0.045310360565952	0.001366280510708
1.029645024820638	0.045919326341115	0.001425853748166
1.030270532508439	0.044631686552135	0.001365645604956
1.030894972420356	0.049238782354589	0.001440901500841
1.031520480100880	0.046711095593035	0.001435382709684
1.032144920012797	0.045755763962487	0.001407405469528
1.032769359924714	0.049974818172392	0.001564751447178
1.033394867605239	0.046864918981052	0.001531592703534
1.034019307517156	0.045264306992062	0.001560440063949
1.035269255116873	0.043656032890604	0.001596568658153
1.035894762797398	0.045914506060036	0.001682140986489
1.036519202709314	0.046614916628295	0.001555222235236
1.037144710397115	0.046489155700628	0.001427333931305
1.037769150301756	0.047574870690449	0.001488518550972
1.038394657989556	0.043852580368287	0.001464688563086
1.039019097901473	0.044410911114680	0.001415367638246
1.039643537813390	0.045123137348074	0.001495473472059
1.040269045493915	0.046813952626311	0.001457782759623
1.040893485405832	0.047395361902681	0.001432784149759
1.041518993093632	0.045305207508063	0.001419841297745
1.042143432998273	0.048057973237223	0.001408956111832
1.042768940686074	0.044540504211949	0.001435287870703
1.043393380597990	0.048833599399695	0.001590233813079
1.044018888285791	0.045239085239085	0.001499976915332
1.044643328190432	0.043872704302547	0.001360468959227
1.045268835878232	0.047132348154417	0.001342960026234
1.045893275790149	0.046030241105391	0.001435208628754
1.046517715694790	0.044254568988450	0.001360597803428
1.047143223382591	0.045413340913107	0.001371732707687
1.047767663294508	0.043579760619287	0.001409750707984
1.048393170982308	0.049659411498151	0.001482667380029
1.049017610886949	0.043396043805511	0.001420766703597
1.049643118574750	0.043970081202781	0.001442070671752
1.050267558486667	0.046084989179618	0.001449048894707
1.050893066167191	0.047575497405652	0.001490422746217
1.051517506079108	0.048809567753128	0.001591772383386
1.052143013766909	0.048679135545488	0.001463623936923
1.052767453678825	0.045483375550990	0.001435567028858
1.053391893583466	0.049758224428030	0.001582515879507
1.054017401271267	0.043278428622606	0.001476971266745
1.054641841183184	0.046853227406667	0.001443101511526
1.055267348863708	0.046628955236355	0.001388116155065
1.055891788775625	0.046414522534642	0.001526747492156
1.056517296463426	0.045342330480579	0.001566239296331
1.057141736375343	0.047477570230916	0.001852056702234
1.058391683967784	0.048133399138753	0.001732392750597
1.059017191655585	0.046175655265316	0.001927054425391
1.059641631560226	0.045981704713172	0.001650883314145
1.060266071472142	0.047123911451422	0.001577290972546
1.060891579159943	0.046486993629224	0.001708631443479
1.061516019071860	0.045139131747218	0.001578268511052
1.062141526752384	0.049807967467430	0.001661598335838
1.062765966664301	0.044118391489395	0.001478350680810
1.063391474352102	0.049074515265917	0.001697348054115
1.064015914256743	0.043827700262327	0.001515292524593
1.064641421944543	0.047254101665240	0.001509290021327
1.065265861856460	0.046489623181978	0.001526841767988
1.065891369544261	0.047261219877850	0.001489168540476
1.066515809448902	0.046929579168620	0.001396874781586
1.067140249360818	0.042596880925081	0.001344765631718
1.067765757048619	0.044214033461102	0.001364405164707
1.068390196953260	0.045885139135583	0.001373333161185
1.069015704641060	0.048897348888157	0.001469317101116
1.069640144552977	0.043323996980693	0.001564896437747
1.070265652240778	0.048988767325251	0.001599352737206
1.070890092145419	0.050472397218207	0.001511027489286
1.071515599833219	0.045731956993944	0.001415567206276
1.072140039745136	0.042524516391617	0.001358311227849
1.072765547425661	0.042097317818682	0.001377628503957
1.073389987337578	0.049426571737046	0.001470849397500
1.074014427249494	0.045881266520359	0.001414720893275
1.074639934937295	0.046939468578856	0.001445082099141
1.075264374841936	0.047206441479133	0.001494531027111
1.075889882529736	0.046457021220567	0.001496419782939
1.076514322441653	0.045083767793334	0.001551366328711
1.077139830122178	0.050602716777741	0.001572123113510
1.077764270034095	0.049462309845803	0.001656171635736
1.078389777721895	0.045891873958570	0.001420610364055
1.079014217633812	0.045418624804822	0.001533748141874
1.079639725314337	0.048371274524487	0.001476859039542
1.080264165226254	0.046018139730171	0.001442420967039
1.080888605138171	0.046286577307910	0.001532500240588
1.081514112818695	0.043084770332128	0.001459541764851
1.082138552730612	0.046026482630598	0.001575166555452
1.082764060418413	0.047415273857000	0.001583652531758
1.083388500330329	0.047381764140222	0.001449082904689
1.084014008010854	0.044402486211507	0.001473949194830
1.084638447922771	0.047018116787186	0.001477638416460
1.085263955610571	0.049385027238520	0.001462533096228
1.085888395515212	0.045948853274617	0.001461345554522
1.086512835427129	0.045282792313783	0.001374214583966
1.087138343114930	0.047784642740583	0.001572445037529
1.087762783026847	0.049248738657155	0.001693598173429
1.088388290707371	0.045171298805674	0.001594823492690
1.089012730619288	0.047593063238152	0.001426382235352
1.089638238307089	0.042591925288651	0.001465994044994
1.090262678219005	0.044992812123917	0.001416356547449
1.090888185899530	0.045902124543236	0.001502034642379
1.091512625811447	0.046376609098831	0.001442569684061
1.092138133499247	0.043475335065518	0.001364645995866
1.092762573403888	0.047712605981834	0.001444521949810
1.093387013315805	0.046864649202048	0.001498672463267
1.094012521003606	0.045187969091252	0.001386735991396
1.094636960915523	0.047306758946311	0.001482244227600
1.095262468596047	0.047531487736355	0.001515036633248
1.095886908507964	0.047907118851207	0.001448655247684
1.096512416195765	0.044112343341448	0.001375079090637
1.097136856100406	0.048079847485665	0.001426885289566
1.097762363788206	0.045509812843599	0.001439473105728
1.098386803700123	0.047483866083764	0.001458556426040
1.099012311387924	0.046374054480135	0.001441135632984
1.099636751292564	0.046025851868940	0.001389444201356
1.100261191204481	0.045289229180366	0.001379239289863
1.100886698892282	0.042118081645192	0.001321110444213
1.101511138796923	0.049191208541141	0.001469894631538
1.102136646484723	0.046188958940637	0.001428164371424
1.102761086396640	0.048453110492108	0.001487637812917
1.103386594084441	0.047459650690525	0.001462752568382
1.104011033989082	0.045788069196139	0.001338784440098
1.104636541676882	0.047718733022047	0.001366578012169
1.105260981588799	0.043227880399760	0.001374348719628
1.105886489269324	0.045651347986202	0.001374788645031
1.106510929181240	0.047386878162824	0.001385558886812
1.107135369093157	0.047984060966063	0.001372793555835
1.107760876780958	0.048439789936492	0.001320096181145
1.108385316685599	0.047134876595109	0.001488066561263
1.109010824373399	0.045186837329612	0.001495484733949
1.109635264285316	0.047116398477972	0.001467530086908
1.110885211877758	0.045895372080474	0.001387967296834
1.111510719565558	0.051450633898242	0.001562487138566
1.112135159477475	0.045694167544037	0.001497022577040
1.112760667158000	0.046452677253141	0.001458806377218
1.113385107069917	0.048420309024229	0.001620022806024
1.114009546981833	0.047374604810105	0.001586480837321
1.114635054662358	0.045443820141869	0.001482061699177
1.115259494574275	0.046383354523376	0.001477109401190
1.115885002262075	0.045877261815046	0.001680209716695
1.116509442173992	0.044566544566545	0.001469330247112
1.117134949854517	0.047630330889724	0.001604176195568
1.117759397231566	0.046031951547586	0.001453466274077
1.118384897454234	0.048953230427951	0.001491486408961
1.119009344831284	0.045519344010523	0.001403495178948
1.119634845046676	0.046652519167579	0.001389435437591
1.120259292423725	0.047380196168246	0.001458780200197
1.120883732335642	0.044982788232606	0.001415730052782
1.121509240023443	0.046694219462831	0.001524611570365
1.122133679928083	0.046863158371007	0.001486353998161
1.122759187615884	0.044592716790886	0.001499615683135
1.123383627527801	0.044258496395469	0.001572562733632
1.124009135208325	0.046358376633571	0.001463258966044
1.124633575120242	0.045772163423239	0.001423677684418
1.125259082808043	0.045345067514872	0.001426287697235
1.125883522719960	0.045243566699279	0.001456418674799
1.126509030400484	0.048065515054285	0.001504997384415
1.127133470312401	0.045237995017775	0.001491051626613
1.127757910224318	0.043202313914584	0.001433347245716
1.128383417904843	0.048854735545953	0.001525603622559
1.129007857816759	0.045803586090411	0.001585962979923
1.129633365504560	0.046789094611411	0.001707134525643
1.130257805416477	0.044719802305394	0.001542991307728
1.130883313097002	0.047542849415715	0.001525547154847
1.131507753008918	0.048443511053217	0.001445440303799
1.132133260696719	0.048189269971620	0.001484620472278
1.132757700601360	0.049891088959143	0.001495965927857
1.133383208289160	0.046646632973637	0.001405576927681
1.134007648201077	0.048116388715116	0.001507814224867
1.134632088112994	0.045131508401556	0.001407338456021
1.135257595793519	0.046498714496524	0.001555017608265
1.135882035705436	0.045972028076575	0.001535728431849
1.136507543393236	0.045124310765442	0.001478971878737
1.137131983297877	0.047365476185945	0.001413534661396
1.137757490985678	0.045151815545031	0.001349324045325
1.138381930897594	0.050269098100021	0.001501041357140
1.139007438585395	0.047798209901956	0.001453212153338
1.139631878490036	0.046344398462035	0.001309490086682
1.140256318401953	0.047112359772867	0.001385786025218
1.140881826089753	0.046118266249331	0.001347459400496
1.141506265994394	0.048520030422028	0.001437483693987
1.142131773682195	0.046269039516447	0.001413266657699
1.142756213594112	0.047363030300821	0.001437885089538
1.143381721281912	0.047127456718334	0.001335247995689
1.144006161186553	0.046685189850098	0.001455471801205
1.144631668874354	0.045024130067221	0.001333788507767
1.145256108786270	0.046884625457872	0.001364432725484
1.145881616466795	0.047357586617992	0.001354337444694
1.146506056378712	0.046729496241445	0.001370323877246
1.147756003978429	0.046268148862740	0.001377475406584
1.148380443883070	0.047185918034131	0.001396381074947
1.149005951570871	0.045933055640537	0.001346094322598
1.149630391482788	0.043397743703944	0.001379019364824
1.150255899163312	0.047435731127576	0.001405428109546
1.150880339075229	0.046116884568108	0.001310026974448
1.151505846763030	0.046899029059855	0.001526765972730
1.152130286674947	0.051337470167064	0.001443896039249
1.152755794355471	0.043254376930999	0.001429147356130
1.153380234267388	0.046384589029230	0.001413923417014
1.154004674179305	0.046203593612837	0.001470638866422
1.154630181859829	0.044820442770732	0.001444829956625
1.155254621771746	0.045365851831600	0.001568162732149
1.155880129459547	0.045136762700467	0.001472566337896
1.156504569371464	0.050059790381955	0.001472094294791
1.157130077051988	0.045532079933426	0.001413048348514
1.157754516963905	0.051264548539873	0.001472311661533
1.158380024651706	0.047685023940110	0.001417186879216
1.159004464556347	0.048790983142462	0.001545098641057
1.159629972244147	0.046463940872269	0.001454672219135
1.160254412156064	0.049189612443174	0.001503592209950
1.160878852067981	0.043627161856200	0.001467715381925
1.161504359748506	0.045871771217712	0.001521279877924
1.162128799660422	0.045420201385460	0.001495435657511
1.162754307348223	0.047714459481141	0.001548749341770
1.163378747252864	0.046185535839144	0.001444437685579
1.164004254940664	0.046368294153104	0.001518641465191
1.164628694852581	0.047807552924087	0.001544405741124
1.165254202540382	0.048455030004846	0.001562780993444
1.165878642445023	0.046540832780044	0.001641860664261
1.166504150132823	0.047022644886321	0.001863665955226
1.167128590044740	0.047493323851816	0.001648920790185
1.167753029949381	0.048287073721490	0.001663043486369
1.168378537637182	0.047759697900685	0.001603126897780
1.169002977549098	0.046684088668821	0.001520487333789
1.169628485236899	0.046276404614644	0.001460503922881
1.170252925141540	0.047112951984312	0.001528829313719
1.170878432829340	0.045884252633124	0.001540828737276
1.171502872741257	0.046599250276647	0.001611020036502
1.172128380429058	0.045565893563466	0.001442303803770
1.172752820333699	0.046491056371959	0.001420195259976
1.173378328021499	0.048446072926238	0.001480057226666
1.174002767933416	0.046393932928313	0.001438258406877
1.174627207838057	0.044600083513647	0.001393520776654
1.175252715525858	0.045834788229089	0.001470995075975
1.175877155437774	0.044174647049151	0.001389238336868
1.176502663125575	0.049652565160672	0.001460331129183
1.177127103030216	0.047026490856478	0.001518115104347
1.177752610718017	0.048320774095490	0.001502152304106
1.178377050629933	0.051152343453078	0.001493834738303
1.179002558310458	0.043908853530705	0.001519772006507
1.179626998222375	0.044392717913781	0.001460562876283
1.180252505910175	0.046229483397625	0.001433967038605
1.180876945822092	0.048068226834792	0.001393801865365
1.181501385726733	0.047923360009346	0.001429973877222
1.182126893414534	0.047083224519611	0.001484465736922
1.182751333326451	0.047556898498912	0.001489330510192
1.183376841006975	0.045034282940445	0.001407129676616
1.184001280918892	0.046779129655893	0.001397745998861
1.184626788606693	0.046174428425152	0.001483801063539
1.185251228518609	0.045158413447004	0.001533013968606
1.185876736199134	0.046513270651394	0.001532060862314
1.186501176111051	0.045837454252981	0.001439974165777
1.187126683798851	0.047245451863883	0.001422119609754
1.187751123703492	0.047773575969273	0.001357757063780
1.188375563615409	0.045975215681493	0.001445011200838
1.189001071303210	0.045678680124165	0.001553387425781
1.189625511215127	0.043545024546616	0.001452411830282
1.190251018895651	0.046701118008757	0.001637174516508
1.190875458807568	0.045386135603527	0.001583715994753
1.191500966495369	0.046952015211961	0.001481056732386
1.192125406400010	0.046812638686787	0.001550607760750
1.192750914087810	0.046473646275821	0.001514171899776
1.193375353999727	0.047038340917476	0.001491771505670
1.194000861687528	0.047545663829401	0.001522490171982
1.194625301592168	0.048407443051759	0.001469843463505
1.195249741504085	0.046385865660240	0.001404838878549
1.195875249191886	0.049530603575297	0.001423342153787
1.196499689096527	0.045793369667300	0.001567118498166
1.197125196784327	0.048539139595049	0.001496920352674
1.197749636696244	0.047484350164596	0.001540910976103
1.198375144384045	0.047509183427677	0.001495082081883
1.198999584288686	0.047961220194444	0.001390390010249
1.199625091976486	0.047081364352357	0.001439920012430
1.200249531888403	0.045025306109919	0.001419623243592
1.200875039568928	0.047265043023503	0.001502263959372
1.201499479480844	0.048521012181693	0.001570847696233
1.202123919392761	0.046603746276956	0.001496757068832
1.203373866985203	0.045002908933277	0.001422290157239
1.203999374673003	0.046435956696266	0.001460305789786
1.204623814584920	0.048247802556327	0.001520947978495
1.205249322265445	0.049888200861296	0.001499187193240
1.205873762177362	0.045789640436762	0.001460309618907
1.206499269865162	0.048781334094116	0.001550705922198
1.207123709777079	0.047090388338157	0.001506166838981
1.208373657369521	0.044955151980849	0.001400683157290
1.208998097281437	0.047952540287767	0.001472825172141
1.209623604961962	0.047221542132528	0.001434713407843
1.210248044873879	0.050186239476712	0.001512666157037
1.210873552561679	0.047036220568874	0.001474101868907
1.211497992473596	0.048761871818202	0.001528282494673
1.212123500154121	0.048777580786937	0.001646591179368
1.212747940066038	0.046338688642859	0.001722749307805
1.213373447753838	0.047059186927832	0.001502538104442
1.213997887658479	0.048219463349940	0.001516873990112
1.214622327570396	0.045537381855227	0.001456580988063
1.215247835258197	0.048425008206030	0.001645206790924
1.215872275170113	0.048882189808166	0.001795204030485
1.216497782850638	0.044411003259327	0.002114506438565
1.217122222762555	0.043874745599314	0.002003077637237
1.217747730450355	0.047656413674888	0.001694494999568
1.218372170354996	0.048189119563570	0.001614116658070
1.218997678042797	0.048461270295730	0.001584470412472
1.219622117954714	0.045143255405221	0.001638289723623
1.220247625642514	0.048369495683848	0.001648387278309
1.220872065547155	0.045926557067760	0.001604074982357
1.221496505459072	0.047175532512260	0.001579689272671
1.222122013146873	0.046782184590826	0.001577724702518
1.222746453051514	0.046493227230395	0.001566787054036
1.223371960739314	0.045084808692654	0.001526150233274
1.223996400651231	0.046925004387783	0.001568511758081
1.224621908339032	0.045167670180556	0.001511323666482
1.225246348243672	0.045824457079802	0.001497601176153
1.225871855931473	0.050110732440589	0.001403200918043
1.226496303308522	0.050908716735051	0.001505147585056
1.227121803523914	0.046668834262123	0.001441064017223
1.227746250900964	0.048938811528740	0.001493656882870
1.228370690812881	0.049434849214656	0.001623587944800
1.228996198500681	0.045748870153553	0.001464815088130
1.229620638412598	0.042237878735293	0.001458995340110
1.230246146093123	0.046924987136178	0.001547412966891
1.230870586005040	0.046933056962997	0.001539107760579
1.231496093692840	0.046722391314223	0.001905813057991
1.232120533597481	0.046925379566144	0.001733996038482
1.232746041285282	0.045433031809559	0.001728326241362
1.233370481197198	0.045894852411395	0.001782064413379
1.233995988884999	0.047582182679531	0.001648122776725
1.234620428789640	0.046853694062229	0.001545500391792
1.235244868701557	0.050841909046093	0.001504961076043
1.235870376389357	0.046505815630107	0.001458168331434
1.236494816293998	0.049714748192876	0.001485427245231
1.237120323981799	0.045479576174873	0.001525722215997
1.237744763893716	0.043382737842784	0.001469365177197
1.238370271581516	0.044368162957375	0.001436855288653
1.238994711486157	0.047498931167165	0.001438935480479
1.239620219173958	0.047985466258456	0.001402668627717
1.240244659085874	0.044897298921186	0.001485438481221
1.240870166766399	0.046938151812660	0.001490349143980
1.241494606678316	0.048516349249447	0.001455990594412
1.242119046590233	0.048301783905897	0.001461710424980
1.242744554278033	0.047895364273277	0.001523886070986
1.243368994182674	0.048210524661281	0.001544572634446
1.243994501870475	0.042802509152811	0.001459374469011
1.244618941782392	0.045666246585207	0.001451817981252
1.245244449462916	0.045886808491261	0.001472086911022
1.245868889374833	0.045788889515962	0.001560720443668
1.246494397062634	0.046620645618461	0.001611221432526
1.247118836974551	0.047954328492244	0.001712725940074
1.247744344655075	0.048227067235483	0.001659242031845
1.248368784566992	0.048980427573246	0.001944517560742
1.248993224478909	0.047338646220628	0.001703731430800
1.250243172071350	0.045883935449010	0.001638850737659
1.250868679759151	0.046854882131236	0.001544762736226
1.251493119671068	0.049769809112689	0.001584356281560
1.252118627351592	0.047515760026059	0.001575252019578
1.252743067263509	0.047630965246573	0.001637854439224
1.253368574951310	0.048824374326708	0.001566302193664
1.253993014855951	0.046450440107157	0.001688050342165
1.254618522543751	0.048352343342085	0.001570588231941
1.255242962455668	0.050453209399671	0.001540933328784
1.255867402367585	0.048866852789330	0.001507826646830
1.256492910048109	0.050664001691234	0.001487209611113
1.257117349960026	0.048330806923538	0.001559077426596
1.257742857647827	0.045659373265185	0.001534344543787
1.258367297552468	0.047470882243303	0.001563520914653
1.258992805240268	0.046133721609269	0.001483090986066
1.259617245152185	0.045939673388012	0.001504634624004
1.260242752839986	0.045192214366241	0.001511310259630
1.260867192744627	0.047793309553649	0.001428721982496
1.261492700432427	0.045926792746254	0.001424962421535
1.262117140344344	0.049601719411227	0.001527121109942
1.262741580248985	0.046573891884585	0.001520964036113
1.263367087936786	0.048170767399660	0.001596104093576
1.263991527848702	0.047306285334220	0.001486383003989
1.264617035536503	0.046365257526487	0.001519551191155
1.265241475441144	0.047829500079257	0.001488053750488
1.265866983128944	0.046660439590253	0.001515284414802
1.266491423040861	0.048783163305283	0.001556670285827
1.267116930728662	0.048365347726832	0.001667274310807
1.267741370633303	0.049150776205000	0.001616985722639
1.268365810545220	0.050698925318165	0.001748251353739
1.268991318233020	0.045356443204834	0.001526784561691
1.269615758137661	0.046931572010725	0.001526717597294
1.270241265825462	0.046701022669622	0.001533250019641
1.270865705737378	0.043580196909272	0.001501280569587
1.271491213425179	0.044748851524478	0.001488871650421
1.272115653329820	0.045851453747840	0.001492486906817
1.272741161017620	0.048655773293792	0.001486238174061
1.273365600929537	0.046452427890597	0.001451366614650
1.273991108610062	0.047342230264646	0.001434566994766
1.274615548521979	0.043627229644357	0.001350762386821
1.275239988433896	0.049008101978513	0.001567312955779
1.275865496121696	0.047100763576954	0.001537247619214
1.276489936026337	0.046019415962851	0.001565007338170
1.277115443714138	0.048655421239472	0.001605480512685
1.277739883626055	0.044042549967421	0.001573967381437
1.278365391306579	0.044135156521546	0.001724414282623
1.278989831218496	0.048665955176094	0.001541702833066
1.279615338906297	0.047954018711873	0.001393653874006
1.280239778818213	0.046134980861975	0.001507910958025
1.280865286498738	0.047421833753740	0.001533552851782
1.281489726410655	0.047522643717521	0.001763869225314
1.282114166322572	0.047870927506439	0.001754502488083
1.282739674003096	0.046230924272963	0.001710930502782
1.283364113915013	0.045484967537747	0.001741069674948
1.283989621602814	0.045216702297837	0.001691249930820
1.284614061514731	0.043398516826569	0.001631056676141
1.285239569195255	0.050753245355403	0.001628100113963
1.285864009107172	0.046744153588487	0.001588812474935
1.286489516794973	0.047669280985797	0.001522546257868
1.287113956699613	0.047000881646551	0.001584537848757
1.287739464387414	0.043142192209378	0.001523843570665
1.288363904299331	0.044272454304517	0.001630200253974
1.288988344211248	0.049095988175835	0.001750092244621
1.289613851891772	0.045077851289089	0.001722575291849
1.290238291803689	0.046195704834290	0.001711689266033
1.290863799491490	0.043857446177028	0.001735903406368
1.291488239396131	0.047974374439165	0.001936869346840
1.292113747083931	0.046637241653875	0.001748116398282
1.292738186995848	0.046986744848979	0.001658579838012
1.293363694683649	0.047162497516431	0.001655178371410
1.293988134588290	0.048563304978019	0.001692094717443
1.295238082188007	0.047586553092695	0.001790730570138
1.295862522092648	0.043924277108904	0.001502257322291
1.296488029780448	0.047164249498880	0.001552225072345
1.297112469692365	0.045523508857966	0.001448568141615
1.297737977380166	0.047939958929561	0.001427115113865
1.298362417284807	0.046548247719635	0.001528864957362
1.298987924972607	0.048065131098877	0.001472816055803
1.299612364884524	0.045748130678316	0.001420838949477
1.300862312476966	0.044715126772330	0.001383300375523
1.301487820164766	0.048657560425445	0.001520896414517
1.302112260076683	0.045848465483112	0.001461377820520
1.302736699981324	0.044568538615530	0.001504775460534
1.303362207669124	0.047270864196550	0.001528826134345
1.303986647581041	0.046276618312396	0.001672617178318
1.304612155261566	0.046433469987800	0.001654660840659
1.305236595173483	0.046825139164931	0.001516335491432
1.305862102861283	0.046302363678914	0.001509359354726
1.306486542773200	0.046750977200586	0.001492627729456
1.307112050453725	0.048261336479414	0.001465492046003
1.307736490365642	0.045413218504204	0.001466563342563
1.308361998053442	0.049986206682183	0.001514001696541
1.308986437958083	0.047493568987052	0.001476581539358
1.309610877870000	0.046329141988408	0.001410557083245
1.310236385557801	0.042945661615674	0.001438745147723
1.310860825469717	0.050087173894006	0.001553797953965
1.311486333150242	0.047738533605860	0.001480245521645
1.312110773062159	0.044695162473734	0.001436986860550
1.312736280749959	0.048414417201640	0.001491118796433
1.313360720654600	0.046689283858881	0.001565678498726
1.313986228342401	0.047029894971998	0.001570757652006
1.314610668254318	0.046344984601931	0.001653920541304
1.315236175942118	0.050413847959111	0.001580939481909
1.315860615846759	0.048987620584459	0.001536680478543
1.316485055758676	0.044439698243312	0.001603656098367
1.317110563446477	0.044342483557166	0.001585312253811
1.317735003351117	0.048502991689966	0.001690782565913
1.318360511038918	0.048639559290558	0.001608246249591
1.318984950950835	0.043214885171308	0.001477801891539
1.319610458638635	0.047392545519512	0.001639961067666
1.320234898543276	0.046436815385627	0.001512132992067
1.320860406231077	0.045494985283109	0.001570524007680
1.321484846142994	0.044308576624057	0.001528414568872
1.322110353823518	0.047599019929389	0.001574639592089
1.322734793735435	0.048046025895473	0.001536548824315
1.323359233647352	0.044070143054915	0.001609050713566
1.323984741335153	0.046299760919142	0.001555334129967
1.324609181239794	0.046830881918601	0.001539601195701
1.325234688927594	0.042121194922148	0.001499710193881
1.325859128839511	0.044327710270185	0.001504643594418
1.326484636520036	0.046456735360256	0.001467912499522
1.327109076431952	0.046027359028130	0.001495870706314
1.327734584119753	0.046479114032255	0.001478772507455
1.328359024031670	0.046443380192262	0.001575265636208
1.328984531712194	0.045687495690943	0.001565692629038
1.329608971624111	0.046096962576454	0.001661120839521
1.330233411536028	0.045108379511986	0.001507204032561
1.330858919216553	0.048076960240559	0.001584726562237
1.331483359128470	0.044487660215354	0.001516473590726
1.332108866816270	0.047817295111217	0.001577174022699
1.332733306728187	0.046178627573976	0.001475491828281
1.333358814408712	0.045970396007478	0.001480179149227
1.333983261785761	0.045569298677379	0.001523115653357
1.334608762008429	0.045214143772858	0.001557201272153
1.335233209385478	0.043126789644895	0.001532274048738
1.335857649290119	0.047200263246551	0.001582394068648
1.336483156977920	0.046344763598407	0.001588224717666
1.337107596889837	0.046039196153183	0.001669158614068
1.337733104577637	0.048231684340852	0.001562080548977
1.338357544482278	0.045753174781070	0.001537493186255
1.338983052170079	0.046895179383133	0.001487720618781
1.339607492081996	0.046381086302889	0.001486839043877
1.340232999762520	0.048506698507278	0.001577479077264
1.340857439674437	0.045941584457306	0.001772113663811
1.341482947362238	0.047422982774763	0.001635855908164
1.342107387274154	0.043270187098510	0.001584694369981
1.342731827178795	0.048642697690719	0.001623477457613
1.343357334866596	0.047139499942212	0.001560695272110
1.343981774778513	0.042898571088447	0.001558639594389
1.344607282459037	0.044273420055148	0.001548043871320
1.345231722370954	0.046669756175448	0.001611505512058
1.345857230058755	0.044411422268521	0.001519176232890
1.346481669970672	0.044010441844726	0.001480242146245
1.347107177651196	0.048104746775215	0.001469831437419
1.347731617563113	0.048863439317748	0.001530564033313
1.348357125250914	0.043979175308087	0.001460778212374
1.348981565155555	0.047974302379968	0.001493699319461
1.349606005067471	0.046906598973039	0.001548811625757
1.350231512755272	0.048217304730060	0.001582484600607
1.350855952667189	0.044295437593237	0.001494594864199
1.352105900259630	0.046278467308510	0.001580963585229
1.353355847852072	0.045542567835561	0.001496899088701
1.353981355539872	0.047586847453938	0.001628361146005
1.354605795451789	0.045220140454534	0.001690206109236
1.355231303139590	0.044951655766440	0.001739368807031
1.355855743044231	0.047583742571609	0.001707692384023
1.356480182956147	0.046760648685585	0.001660717973967
1.357105690643948	0.046936432937874	0.001684755452665
1.357730130555865	0.046920677311425	0.001730510930568
1.358355638236389	0.046857956259719	0.001766184425543
1.358980078148306	0.046617789459123	0.001701044924445
1.359605585836107	0.045197172374610	0.001782926644864
1.360230025740748	0.046904845586100	0.001896521342455
1.360855533428548	0.048509477930151	0.001913516570720
1.361479973340465	0.046327609543164	0.001718335415892
1.362105481028266	0.045023037199666	0.001717619345635
1.362729920932907	0.048279106659616	0.001671597301445
1.363354360844824	0.045044904759866	0.001664132559867
1.363979868532624	0.046281591008508	0.001634078837113
1.364604308437265	0.046984533214643	0.001550212144562
1.365229816125066	0.045869311328521	0.001588133567672
1.366479763724783	0.048721335279715	0.001580757449266
1.367104203629424	0.049142457685339	0.001615464271037
1.367729711317224	0.047185712106932	0.001533212257048
1.368354151229141	0.046705424870188	0.001553147680542
1.368979658909666	0.048355718069522	0.001598163782006
1.369604098821583	0.045353017340860	0.001594628651687
1.370228538733500	0.046117237513182	0.001583215349118
1.370854046421300	0.047580667464748	0.001600183765337
1.371478486325941	0.045938358300935	0.001668574744289
1.372103994013742	0.046146066157879	0.001628105160185
1.372728433925658	0.045292189006750	0.001564946173274
1.373353941606183	0.045876357051987	0.001567714010341
1.373978381518100	0.046883070602885	0.001604903737805
1.374603889205900	0.044436174171939	0.001476131938323
1.375228329117817	0.049066079571274	0.001514079660847
1.375853836798342	0.047573393023456	0.001588805743944
1.377102716622176	0.049645964770118	0.001530208049036
1.377728224302700	0.043864487360751	0.001517473159447
1.378352664214617	0.046553998383085	0.001562604801673
1.378978171902418	0.047936949466852	0.001584489414676
1.379602611814335	0.046614506334296	0.001659630326292
1.380228119494859	0.046686880781784	0.001709788113084
1.380852559406776	0.050972665888789	0.001931979073606
1.381478067094577	0.049103415971926	0.002060857289615
1.382102506999217	0.049689557996896	0.001872342606186
1.383352454598935	0.042646997446492	0.001733978711827
1.383976894510852	0.048602220795551	0.001728208960934
1.384602402191376	0.047150080441278	0.001502493214462
1.385226842103293	0.049280851255692	0.001515979792303
1.385852349791094	0.046658816038297	0.001579997123569
1.386476789695735	0.046774155135869	0.001531803590381
1.387102297383535	0.048749266838926	0.001526941799331
1.387726737295452	0.046740457714578	0.001473623655177
1.388352244983253	0.047000637665832	0.001528537924695
1.388976684887893	0.046245748078909	0.001570341178753
1.389601124799810	0.045645742812240	0.001604999412578
1.390226632487611	0.047040634322255	0.001542488466192
1.390851072392252	0.046355224379012	0.001606882103675
1.391476580080052	0.048248175750921	0.001547114048230
1.392101019991969	0.046260775557788	0.001519766874311
1.392726527679770	0.047805480340558	0.001532284622638
1.393350967584411	0.047963942166982	0.001503447045554
1.393976475272211	0.046492072059387	0.001478909402460
1.394600915184128	0.048403003177746	0.001685340621506
1.395226422864653	0.047748971527866	0.001686806850660
1.395850862776570	0.046587050696640	0.001661586462090
1.396475302688486	0.047296459663842	0.001631052366563
1.397100810376287	0.045084831564671	0.001585554086887
1.397725250280928	0.046266106560353	0.001635151504817
1.398350757968728	0.047434313578337	0.001700299857994
1.398975197880645	0.044656365340562	0.001643358248708
1.399600705561170	0.044934042300335	0.001703751763762
1.400225145473087	0.045357561547479	0.001674640989175
1.400850653160887	0.050465808194788	0.001668616336035
1.401475093072804	0.045844918871400	0.001601739538752
1.402100600753329	0.047938627127254	0.001777176704743
1.402725040665246	0.046993127472353	0.001838290514716
1.403349480577162	0.044734807775704	0.001750888462107
1.403974988257687	0.044328036969045	0.001619886934488
1.404599428169604	0.042698747896873	0.001549588156342
1.405224935857404	0.046728863109589	0.001664592798447
1.405849375769321	0.045405779134084	0.001646785571171
1.406474883449846	0.043372376203178	0.001651762389348
1.407099323361763	0.050045911932911	0.001787186884508
1.407724831049563	0.047491269709293	0.001726380448678
1.408349270954204	0.046809254705294	0.001806767466828
1.408974778642005	0.045284082789731	0.001801146150206
1.409599218553922	0.045692346637415	0.001701288144936
1.410223658465839	0.047141551877682	0.001714853341304
1.410849166146363	0.047113085448827	0.001750724591616
1.411473606058280	0.042755470575738	0.001579323556302
1.412099113746081	0.048540236407375	0.001626192598846
1.412723553650721	0.047425725760909	0.001638217495932
1.413349061338522	0.048555443891399	0.001567607513480
1.413973501250439	0.044692801863834	0.001673698086776
1.414599008938239	0.046385250648537	0.001554094004285
1.415223448842880	0.047776428271126	0.001661913843135
1.415848956530681	0.046031746031746	0.001574892082759
1.416473396442598	0.048572469654068	0.001560864848748
1.417097836347239	0.048189019960563	0.001625972219370
1.417723344035039	0.050889006232487	0.001621139522664
1.418347783946956	0.048299921573476	0.001603636753145
1.419597731539398	0.043608473338203	0.001600611590041
1.420223239227198	0.047567729146345	0.001592706221989
1.420847679139115	0.047299024369143	0.001615419005052
1.421473186826915	0.046140411210331	0.001560644812413
1.422097626731556	0.043832737801626	0.001450725114294
1.422723134419357	0.045595700689467	0.001523466423147
1.423347574331274	0.046220260186741	0.001596887144697
1.423972014235915	0.048222684802644	0.001731364462692
1.424597521923715	0.045040051784125	0.001591892724444
1.425221961835632	0.046616363133568	0.001618597856313
1.425847469523433	0.045955122933888	0.001623609118178
1.426471909428074	0.045408784637254	0.001792381353327
1.427097417115874	0.049114187765763	0.001857315914165
1.427721857027791	0.046556524967514	0.001703211197596
1.428347364708316	0.043182678476796	0.001628961104574
1.428971804620232	0.045500579822188	0.001652859468858
1.429597312308033	0.048227064775228	0.001667033761140
1.430221752219950	0.046637659461651	0.001698669502128
1.430846192124591	0.048071506081722	0.001749861152628
1.431471699812391	0.047628125452757	0.001775499027198
1.432096139724308	0.046733497805554	0.001729820298500
1.432721647404833	0.046912580943571	0.001783030381505
1.433346087316750	0.050033879512135	0.001828887453976
1.433971595004550	0.046756679921285	0.001729989509698
1.434596034916467	0.048371803721375	0.001702735371231
1.435221542596992	0.047377037068721	0.001644170931157
1.435845982508908	0.047944193425463	0.001587007602040
1.436471490196709	0.043765570881692	0.001608135333028
1.437095930101350	0.045742552030314	0.001643862491629
1.437720370013267	0.044088207332061	0.001567219042755
1.438345877701067	0.047315902285517	0.001561627806105
1.438970317612984	0.046817903800009	0.001602840703978
1.439595825293509	0.049739181544339	0.001608909368897
1.440220265205426	0.045614021271318	0.001593504589219
1.440845772893226	0.047382263828154	0.001650015071770
1.441470212797867	0.047333828256484	0.001624172525649
1.442095720485668	0.045427272834224	0.001578947573089
1.442720167862717	0.046468985541833	0.001566657926968
1.443345668085385	0.047292773551441	0.001678743018705
1.443970115462434	0.046216214096965	0.001653466136475
1.444594555367075	0.046368751460275	0.001649612143521
1.445220063054876	0.047238881839747	0.001576139964735
1.445844502966793	0.048267617778475	0.001614785615511
1.446470010647317	0.051105640940777	0.001865757015637
1.447094450559234	0.044773207364523	0.001660290654621
1.447719958247035	0.046142173993011	0.001711415554582
1.448344398158952	0.047292483775257	0.001764322705140
1.448969905839476	0.044549166253291	0.001775303996052
1.449594345751393	0.047806805258788	0.001746145425921
1.450219853439194	0.051488542268438	0.001803697053831
1.450844293343835	0.045607763636146	0.001546449023174
1.451468733255751	0.043239472786574	0.001629988997459
1.452094240943552	0.047547125629317	0.001604155821795
1.452718680855469	0.045937738769273	0.001597891594998
1.453344188535993	0.043730119129296	0.001580243520968
1.453968628447910	0.046443735676240	0.001615618841520
1.454594136135711	0.047359445653348	0.001616272200176
1.455218576040352	0.048125711001681	0.001566999436668
1.455844083728152	0.046473603119203	0.001598765538793
1.456468523640069	0.048887992960067	0.001609491658967
1.457092963551986	0.046561288492451	0.001594869944200
1.457718471232511	0.050140735708046	0.001597068916588
1.458342911144427	0.045338299995556	0.001573848049158
1.458968418832228	0.047416835581122	0.001652746623441
1.459592858736869	0.048702883132601	0.001640055644714
1.460842806336586	0.046476088446360	0.001508718137995
1.461468314024387	0.044540433925049	0.001454742735577
1.462092753929028	0.044903491180445	0.001512154274523
1.462718261616828	0.048479687862288	0.001635810597856
1.463342701528745	0.045061994332173	0.001548277841352
1.463967141433386	0.045738793692372	0.001554780435418
1.464592649121187	0.046560797207907	0.001485261565793
1.465217089033104	0.047661830827173	0.001583872545739
1.465842596720904	0.047128391341754	0.001582418243871
1.466467036625545	0.050232572983237	0.001597251135259
1.467092544313346	0.045702221216847	0.001641443903415
1.467716984225262	0.045308376657238	0.001637757219110
1.468342491905787	0.046115388461154	0.001582877369692
1.468966931817704	0.047510392538847	0.001690714191844
1.469592439505504	0.045724135229365	0.001807372909508
1.470216879417421	0.043411909735573	0.001673527923145
1.470841319322062	0.045320295044838	0.001791978098963
1.471466827009863	0.046218185802094	0.001781261281684
1.472091266921780	0.043739988328692	0.001657936835996
1.472716774602304	0.045254247554438	0.001652740269505
1.473341214514221	0.047183623643577	0.001744724462614
1.473966722202022	0.048351561261690	0.001687249387304
1.474591162113938	0.044728820562394	0.001569285975987
1.475216669794463	0.044926241388211	0.001499944408353
1.475841109706380	0.044277689839066	0.001577144645479
1.476466617394181	0.045306948263795	0.001620164366275
1.477091057298821	0.045006184412170	0.001620204623799
1.477715497210738	0.047520652994141	0.001670736968320
1.478965444810456	0.047760838050660	0.001654922157675
1.479590952490980	0.046919043433456	0.001591039498181
1.480215392402897	0.048017376837046	0.001655921161847
1.480840900090698	0.048914060307462	0.001614275909075
1.481465339995339	0.048264481838939	0.001544120521072
1.482090847683139	0.045690475905942	0.001556670010339
1.482715287595056	0.048293741947431	0.001681971735187
1.483340795282857	0.045425359186294	0.001552355210044
1.483965235187497	0.048205228248147	0.001561570831780
1.484589675099414	0.043902805571595	0.001626864824328
1.485215182787215	0.044063538342839	0.001518229803493
1.485839622691856	0.046271536924004	0.001568421678659
1.486465130379656	0.048576353144881	0.001504270594490
1.487089570291573	0.044815152355668	0.001492968631461
1.487715077979374	0.047153234064765	0.001541943305454
1.488339517884015	0.043629018148272	0.001540736471025
1.488965025571815	0.048935319206232	0.001518502243654
1.489589465483732	0.046439058736928	0.001523234741385
1.490214973164257	0.048099424818298	0.001609648872273
1.490839413076174	0.047983675055874	0.001594291375263
1.491463852988090	0.046898494753003	0.001578543246887
1.492089360675891	0.049128000216406	0.001677673973105
1.492713800580532	0.046716390195593	0.001608717354959
1.493339308268332	0.047670245229023	0.001624689653093
1.493963748180249	0.044134677578654	0.001570824842059
1.494589255860774	0.047954647014716	0.001651380288761
1.495213695772691	0.048027774719658	0.001663171283455
1.495839203460491	0.045947054336953	0.001768478772047
1.496463643372408	0.043561907907116	0.001690622471839
1.497089151052933	0.044119186959709	0.001742382134514
1.497713590964850	0.048453474523307	0.001713696470430
1.498338030876766	0.046523385232940	0.001792618944487
1.498963538557291	0.046918947065298	0.001652096719488
1.499587978469208	0.045970023616340	0.001802437422620
1.500213486157008	0.046527080214656	0.001947858756489
1.500837926068925	0.045924361271642	0.001738471967601
1.501463433749450	0.049038175585782	0.001780314907649
1.502713381349167	0.048144508807937	0.001825443032315
1.503337821253808	0.047811437057856	0.001846878484632
1.503963328941609	0.046542105659092	0.001717057632233
1.504587768853526	0.048356772789730	0.001789854816912
1.505212208765442	0.046927616050354	0.001717967244175
1.505837716445967	0.043829556394309	0.001735391011642
1.506462156357884	0.045623234712949	0.001862483113953
1.507087664045685	0.048985787745963	0.001843818294491
1.507712103950325	0.043083900226757	0.001699286978160
1.508337611638126	0.047148620152196	0.001741011952066
1.508962051550043	0.046767410336718	0.001671527654125
1.509587559237843	0.046507645747053	0.001616003636011
1.510836439054401	0.047402349665092	0.001659286152833
1.511461946742202	0.047374235379997	0.001771291335703
1.512086386646843	0.045189482520837	0.001852715185155
1.512711894334643	0.047167012755859	0.001977771605379
1.513336334246560	0.045258282011180	0.001879379563003
1.513961841934361	0.045049725684819	0.001619079729759
1.514586281839001	0.045533002602662	0.001627616036190
1.515211789526802	0.047085469957691	0.001618207875283
1.515836229438719	0.046921649006110	0.001600588683519
1.516461737126519	0.045369119177423	0.001613986744299
1.517086177031160	0.042392245244910	0.001626617588028
1.517710616943077	0.047156347142662	0.001634178210344
1.518336124630878	0.047464715518871	0.001653239479084
1.518960564535519	0.047746571848651	0.001918866917589
1.519586072223319	0.045711387459143	0.001704137042731
1.520210512135236	0.047691617093991	0.001622332103338
1.520836019823037	0.046336471237581	0.001700562466785
1.521460459727678	0.050260012524163	0.001681533542341
1.522085967415478	0.046257274345067	0.001608061667124
1.522710407327395	0.048643029745905	0.001633405604312
1.523335915007920	0.045289128879876	0.001625410526121
1.523960354919836	0.046253945508414	0.001614076062448
1.524584794831753	0.047326159520086	0.001583073366145
1.525210302519554	0.046345188573534	0.001622451953855
1.525834742424195	0.044954330574743	0.001671588729775
1.526460250111995	0.044876414561462	0.001699885857478
1.527084690023912	0.047075944351664	0.001739334433087
1.527710197704437	0.045852657277141	0.001608411889625
1.528334637616354	0.046269059031725	0.001670702633183
1.528960145304154	0.045911450520823	0.001597954059816
1.529584585216071	0.047275954685156	0.001539444700831
1.530210092896596	0.048699984925062	0.001686185167954
1.530834532808512	0.044623187257310	0.001618160571615
1.531458972720429	0.050273848457386	0.001707116802731
1.532084480400954	0.045378058099435	0.001621983943248
1.532708920312871	0.045244672297539	0.001583202155685
1.533334428000671	0.047142099872061	0.001645260201957
1.533958867912588	0.048945393752065	0.001660643566831
1.534584375593113	0.048226298765395	0.001693319128434
1.535208815505030	0.046278764642568	0.001636849600765
1.535834323192830	0.047495330728939	0.001639537817541
1.536458763097471	0.046696150358912	0.001673526882555
1.537084270785272	0.047777027295483	0.001608977800525
1.537708710697189	0.046830116109721	0.001560771968996
1.538333150609105	0.046505274984033	0.001622781447754
1.538958658289630	0.047662669657573	0.001710274833877
1.539583098201547	0.046022966973848	0.001743709929286
1.540208605889347	0.044710317460317	0.001652342084042
1.540833045793988	0.045656180147045	0.001679842751758
1.541458553481789	0.047469274165615	0.001671377840665
1.542082993393706	0.047237516310748	0.001547722949547
1.542708501081506	0.044315961369482	0.001575113652072
1.543332940986147	0.047434340216244	0.001731317496817
1.543958448673948	0.048812737374054	0.001668199476628
1.544582888585865	0.044028349886267	0.001810091309130
1.545207328490505	0.047465897311593	0.001764451814988
1.545832836178306	0.045536894487209	0.001836509203768
1.546457276090223	0.046294902172104	0.001729833154819
1.547082783778023	0.044520977814040	0.001614200251774
1.547707223682664	0.045280749408550	0.001754054161007
1.548332731370465	0.044886281013822	0.001820636029517
1.548957171282382	0.046585230009634	0.001879451449590
1.549582678962906	0.046654247776714	0.001678929448764
1.550207126339956	0.050645647496749	0.001707398848559
1.550832626562624	0.047511090366384	0.001779484652739
1.551457073939673	0.046967270838825	0.001749500593229
1.552081513851590	0.044850056134909	0.001768318400672
1.552707021532115	0.047139540039439	0.001741461822323
1.553331461444031	0.046848603501903	0.001680703229573
1.553956969131832	0.049259468281448	0.001928639738470
1.554581409036473	0.047549627316834	0.001820148046129
1.555206916724273	0.046589044065277	0.001813475819316
1.555831356636190	0.043444021525135	0.001599557975813
1.556456864323991	0.047676694926617	0.001769081309773
1.557081304228632	0.048935995334583	0.001706683192728
1.557706811916432	0.051079294560602	0.001707203817486
1.558331251828349	0.045150728237552	0.001646850961596
1.558955691732990	0.044725676038316	0.001674100056261
1.559581199420791	0.043906914137145	0.001524641048538
1.560205639332708	0.049974734111337	0.001656203112973
1.560831147020508	0.044725586632367	0.001539106287264
1.561455586925149	0.047503706581462	0.001609468733248
1.562081094612950	0.045117766652470	0.001549623631333
1.562705534524866	0.046682631356529	0.001545188040683
1.563331042205391	0.047094344928872	0.001586262571542
1.563955482117308	0.045563558794345	0.001541730276296
1.564580989805108	0.047336257550635	0.001638052353514
1.565205429717025	0.045826288001656	0.001612955576431
1.565829869621666	0.043824268561323	0.001534328036516
1.566455377309467	0.046453805353879	0.001512236721307
1.567079817221384	0.046706033160317	0.001545883320470
1.567705324901908	0.044359361561297	0.001552024404911
1.568329764813825	0.048243913552663	0.001551345082663
1.568955272501626	0.046150733434497	0.001588938796291
1.569579712413542	0.046895651204637	0.001607242303871
1.570205220094067	0.044227794110083	0.001592575167019
1.571455167693784	0.048644403871449	0.001583428868292
1.572079607598425	0.049021380092357	0.001635422660570
1.572704047510342	0.046775720980679	0.001553528386982
1.573329555198143	0.043056750470000	0.001614138725471
1.573953995110060	0.045833364787233	0.001637090899187
1.574579502790584	0.044014813587799	0.001626327499988
1.575203942702501	0.049632412344482	0.001689141274787
1.575829450390302	0.047058001180528	0.001630397535246
1.576453890294943	0.049738501431969	0.001701455452409
1.577079397982743	0.043230338664537	0.001710386816519
1.577703837894660	0.047488508281586	0.001671883652515
1.578328277806577	0.046151133339745	0.001578063716107
1.578953785487101	0.047240918897542	0.001659635263657
1.579578225399018	0.048829290413945	0.001631613438496
1.580203733086819	0.046733855613977	0.001571136584368
1.580828172991460	0.043780066250896	0.001623765388799
1.581453680679260	0.046950088023981	0.001731168812966
1.582078120591177	0.043940362344183	0.001677504433187
1.582703628278978	0.048612525976937	0.001670777490420
1.583328068183619	0.044124446003252	0.001619973465231
1.583953575871419	0.043694420252215	0.001630170134835
1.584578015783336	0.045344983428744	0.001730363534165
1.585202455687977	0.047755614589852	0.001628370668183
1.585827963375777	0.047351798238145	0.001686798123610
1.586452403287694	0.046377571072973	0.001693663386877
1.587077910975495	0.048761649356810	0.001740672633586
1.587702350880136	0.044499635788788	0.001602243913529
1.588327858567936	0.042819372671554	0.001567579576036
1.588952298479853	0.046979708606377	0.001685492564496
1.589577806160378	0.046797185634945	0.001617132102742
1.590202246072295	0.047225506470965	0.001770184466729
1.590827753760095	0.047398755952882	0.001657667223343
1.591452193672012	0.045347999271454	0.001610420156700
1.592076633576653	0.046834427454065	0.001659355609618
1.592702141264454	0.050278784281877	0.001889746678781
1.593326581176370	0.050233187095188	0.001825264736888
1.593952088856895	0.047844185209929	0.001754273846668
1.594576528768812	0.044302922863719	0.001703191609298
1.595202036456612	0.048004671203640	0.001702906396305
1.595826476368529	0.047992890532533	0.001590357371376
1.596451984049054	0.047372638549754	0.001693034535377
1.597076423960971	0.046778668310727	0.001637135538331
1.597701931648771	0.046436515669704	0.001652901438038
1.598326371553412	0.043756432386000	0.001545887372027
1.598950811465329	0.048723757862078	0.001530676355122
1.599576319153130	0.045984865641570	0.001677455938565
1.600200759065046	0.045533877204640	0.001627619720684
1.600826266745571	0.046344369224884	0.001680172125779
1.601450706657488	0.046467916046725	0.001692318372824
1.602076214345288	0.046661994528055	0.001779934565476
1.602700654249929	0.046870124689461	0.001716361828231
1.603326161937730	0.048044383642627	0.001780389659082
1.603950601849647	0.046178603207058	0.001823056179182
1.604576109537447	0.050177765258502	0.001994022033701
1.605200549442088	0.046302427174956	0.001889728384384
1.605824989354005	0.046904999539047	0.001726100419960
1.606450497041806	0.049094721400611	0.001848779541946
1.607074936946447	0.044752640534207	0.001634984866404
1.607700444634247	0.043939269401031	0.001606225855012
1.608324884546164	0.048740612067644	0.001635500570099
1.608950392233965	0.047152075016247	0.001712609068042
1.609574832138605	0.049007345325919	0.001633984651962
1.610200339826406	0.045612153848562	0.001669360720352
1.610824779738323	0.046012937110819	0.001585943887071
1.611450287426123	0.048329922597995	0.001632849776326
1.612074727330764	0.046036861238550	0.001665616020426
1.612699167242681	0.047643420936166	0.001623991002826
1.613324674930482	0.048865478447527	0.001641512496379
1.613949114835123	0.048961097702047	0.001705191991845
1.614574622522923	0.044044388083640	0.001774571266194
1.615199062434840	0.045822158121159	0.001655606530857
1.615824570122641	0.046402843299758	0.001680235250160
1.616449010027281	0.045306964581317	0.001669402902682
1.617074517715082	0.048863467305599	0.001730540433237
1.617698957626999	0.047810333963453	0.001677356663127
1.618948905219440	0.044758211553618	0.001606259471427
1.619573345131357	0.049791103071825	0.001685760966408
1.620198852819158	0.048168002600078	0.001726397735345
1.620823292723799	0.046560452066083	0.001709414494771
1.621448800411599	0.050191064079953	0.001714167833342
1.622073240323516	0.045580487804878	0.001591208619063
1.622698748004041	0.045562035662666	0.001751038428462
1.623323187915958	0.048425729034094	0.001648292151884
1.623948695603758	0.046987550815021	0.001694633647401
1.624573135515675	0.049177005605522	0.001714511452375
1.625198643196200	0.051249979890928	0.001575394675065
1.625823083108116	0.045308657902041	0.001675214041974
1.626447523020033	0.047276835631755	0.001757693738350
