0.622194112074794	0.011164354710378	0.001095604595769
0.622819619755319	0.011332778556412	0.001012343988432
0.623444059667236	0.012775927206196	0.000944520498421
0.624069567355036	0.010163647773022	0.000960047582640
0.625319514947478	0.014645305558007	0.001186116061807
0.625943954859395	0.012390543077348	0.001066423251739
0.626569462547195	0.012458182262452	0.000993447508053
0.627819410139637	0.011473314517247	0.001065754189776
0.628443850051553	0.014099325827868	0.001046794443801
0.629693797643995	0.010667210713843	0.000926629994417
0.630318237555912	0.010147441457069	0.001027342789791
0.630943745243712	0.011235431569592	0.000983338317184
0.631568185148353	0.010680216485613	0.001110812390164
0.632818132748071	0.011279302049034	0.000970721407074
0.633443640428595	0.011787734732948	0.001019588950137
0.634068080340512	0.013494369987600	0.001149570237534
0.634692520252429	0.012466203818126	0.001038804092418
0.635318027940230	0.011623684535247	0.000956910577444
0.635942467844870	0.011191078351737	0.000966184147787
0.637192415444588	0.010665398468577	0.000900892624011
0.637817923125112	0.011619145814332	0.001043195318024
0.638442363037029	0.012665606006173	0.001115870096259
0.639067870724830	0.012058778541777	0.001132488475140
0.639692310636747	0.010685801516747	0.001168437303690
0.640317818317271	0.010851887883405	0.000977761741844
0.640942258229188	0.013703781375874	0.001021615660432
0.641566698141105	0.009982488187074	0.001023814412186
0.642192205821630	0.011104226331260	0.001096892202621
0.642816645733546	0.014362754299080	0.001402062590773
0.643442153421347	0.012715359318638	0.001077662037498
0.644066593333264	0.011609294933069	0.001080867003019
0.645316540925705	0.012151819996075	0.001123232636451
0.645942048613506	0.010495477350130	0.001066746732131
0.647191996205947	0.011303052759571	0.001069673188901
0.647816436117864	0.011079989814848	0.000932637321165
0.648440876029781	0.014163612378910	0.001317065309487
0.649066383710306	0.014213330352818	0.001290701141397
0.649690823622223	0.012992267744654	0.001096691692440
0.650316331310023	0.012012416824873	0.001135889621934
0.650940771214664	0.012532708470212	0.001129362575055
0.651566278902465	0.012159667488365	0.001018514175711
0.652190718814381	0.012287403233069	0.001018285864147
0.652816226502182	0.012176688557068	0.001043400971277
0.653440666406823	0.010601548977616	0.001060864692163
0.654066174094623	0.011236244620261	0.001065244350064
0.654690614006540	0.012757528327180	0.001203375117695
0.655315053911181	0.012644324787699	0.001160954666894
0.655940561598982	0.012625181401729	0.001126749553743
0.656565001510899	0.010792864577725	0.000984732228437
0.657190509198699	0.011889198589083	0.000910790126453
0.658440456791141	0.009997210599721	0.001079502921343
0.659064896703057	0.010865545873222	0.001110441586096
0.659690404390858	0.014072725119185	0.001289703197267
0.660314844295499	0.011126859290870	0.001106470072737
0.660940351983299	0.013561853416873	0.001167292503994
0.661564791895216	0.011354567624449	0.001044269297300
0.662189231799857	0.011391708648421	0.001072801013741
0.662814739487658	0.012379387912153	0.001085491708952
0.663439179399575	0.012275204160640	0.001272191482480
0.664064687087375	0.011326640597123	0.000972565845424
0.664689126992016	0.010702891839045	0.001019670594493
0.665314634679817	0.013617210847734	0.001022783834275
0.665939074591734	0.009999928826129	0.000983260045711
0.666564582272258	0.009879696737953	0.001037421323699
0.667189022184175	0.013444218949740	0.001041795799130
0.667814529871976	0.011072177857841	0.001154445095518
0.668438969783892	0.013669482943308	0.001204418581823
0.669063409688533	0.010411705167897	0.001016965904293
0.669688917376334	0.012424334410657	0.001055011474092
0.670313357288251	0.010158058958442	0.000974101983030
0.670938864968775	0.012093078484413	0.001029305755627
0.671563304880692	0.012815070614825	0.001137337239357
0.672188812568493	0.012040761301141	0.001149954507238
0.672813252480410	0.013107352247456	0.001180828492620
0.673438760160934	0.011896640102667	0.001111298560294
0.674063200072851	0.011925288392864	0.001144720843678
0.674688707760652	0.013723294632328	0.001169714336635
0.675313147665292	0.011538042886688	0.001220991503557
0.675937587577209	0.012213025969664	0.001137322236853
0.676563095265010	0.012723628808355	0.001071718550416
0.677187535176927	0.010605894197327	0.001037204262600
0.677813042857451	0.012411779920925	0.001002843370394
0.678437482769368	0.010126618488945	0.000966590866972
0.679062990457169	0.014283098333639	0.001187946812617
0.679687430361810	0.013903268204213	0.001095848770497
0.680312938049610	0.011184563684361	0.000982970045134
0.680937377961527	0.011557579588553	0.000981889147225
0.681562885649328	0.009907522655701	0.000967546719932
0.682187325553969	0.010196312113086	0.000961160909477
0.682811765465885	0.010048532739589	0.000961530309904
0.683437273153686	0.012327804062399	0.000993411487295
0.684061713058327	0.013336055473324	0.001011666208803
0.685937168345845	0.012162382640424	0.001121171132395
0.686561615722894	0.010354792400768	0.000940820175990
0.687187115938286	0.012175584748478	0.001040986595924
0.687811563315336	0.011166653677870	0.001003277982130
0.688437063530728	0.010088300632852	0.001087467533544
0.689061510907777	0.011683349300210	0.001021774328829
0.689685950819694	0.010541712336198	0.001011133485403
0.690311458507495	0.011000798982038	0.001022104193793
0.690935898419411	0.014353204791714	0.001106472858993
0.691561406099936	0.012868983568416	0.001145656945931
0.692185846011853	0.011442435970738	0.001023866809629
0.692811353699653	0.011575215959802	0.001026116824990
0.693435793604294	0.011099559029147	0.001026572046847
0.694061301292095	0.011290335315064	0.001082917795682
0.694685741204012	0.013469775444004	0.001187947408399
0.695311248891812	0.014089665585338	0.001175232944231
0.695935688796453	0.012612023336942	0.001031591133983
0.696560128708370	0.013229774424914	0.001149887855608
0.697185636396171	0.012930243068797	0.001156062499398
0.697810076300811	0.013266866739770	0.001321548418811
0.698435583988612	0.011065864351286	0.001077676411904
0.699060023900529	0.010953153466097	0.001098632027300
0.699685531588329	0.012142499869355	0.001177041588059
0.700309971492970	0.011800909613026	0.001049133850736
0.700935479180771	0.012849553604368	0.001093507128206
0.701559919092688	0.010885837255833	0.001120249624171
0.702185426773212	0.012798982370134	0.001155547711600
0.702809866685129	0.010696243918914	0.001075389477935
0.703434306597046	0.013248316617997	0.001197245432816
0.704059814284847	0.012899206959233	0.001174434957199
0.704684254189488	0.010634817943257	0.001102342638702
0.705309761877288	0.013684367098022	0.001173020398897
0.705934201789205	0.014706587710074	0.001241478800838
0.706559709469730	0.009946911474404	0.001001443378098
0.707184149381646	0.011986205819002	0.001035570261429
0.709058536886005	0.012812114324595	0.001069283780611
0.710308484485722	0.011138880274367	0.001274322828667
0.710933992166247	0.012967792457846	0.001197612145827
0.711558432078164	0.013629465220794	0.001228892594703
0.712183939765964	0.012052215496629	0.001031832877890
0.713433887358406	0.013251262602697	0.001031882664158
0.714058327270322	0.011241884298483	0.001082032290478
0.714683834958123	0.010460647245586	0.001059375984620
0.715932714774681	0.010073803545614	0.001028119354505
0.716558222462481	0.013504328218112	0.001084210465703
0.717182662374398	0.012349716955701	0.001230470539667
0.717808170054923	0.013141536642603	0.001062179196992
0.718432609966840	0.012451057737260	0.001137277434359
0.719058117654640	0.012759744151330	0.001272544637409
0.720932505158999	0.010230470829847	0.000970903904448
0.722182452751440	0.010659029489982	0.001023930192311
0.724056840255798	0.011781285435332	0.001084505895402
0.724682347943599	0.012965688229025	0.001089032583934
0.725306787855516	0.010221867374363	0.001016851039007
0.725932295543316	0.011458815066029	0.001190323539900
0.726556735447957	0.010408194005121	0.001014026931124
0.727182243135758	0.010583203674055	0.001079626859482
0.727806683047675	0.011315276176966	0.001057767801410
0.728432190728199	0.010647708165802	0.001039187208975
0.729056630640116	0.010173405367724	0.001050306618141
0.729681070552033	0.010845671790821	0.001245368592789
0.730306578239833	0.011870314842579	0.001058325807328
0.730931018144474	0.012049104929042	0.001125552596435
0.731556525832275	0.011682252511053	0.001191133027829
0.732180965744192	0.010846579619642	0.001026554041755
0.732806473424716	0.012221359324314	0.001056708386705
0.733430913336633	0.011953613502284	0.001289239120312
0.734056421024434	0.009998379636449	0.001142506116061
0.734680860936351	0.013463656487745	0.001146578731959
0.735306368616875	0.011269656816878	0.000997332488210
0.735930808528792	0.011542429468218	0.001010111799277
0.736555248440709	0.010774624972122	0.001057731136209
0.737180756121234	0.011654789601920	0.001012615120566
0.737805196033150	0.011371198750036	0.000988771684904
0.738430703720951	0.012587297490396	0.001161005784547
0.739055143632868	0.010421682352083	0.001062525799808
0.739680651313392	0.013526675416198	0.001189877700928
0.740305091225309	0.010460855247118	0.001141227232493
0.740930598913110	0.012780820546554	0.001102578265380
0.741555038817751	0.010586245486449	0.001134580734016
0.742180546505551	0.014337680643397	0.001205683080419
0.742804986417468	0.014788318632469	0.001136367967611
0.743429426329385	0.010392651689806	0.001259043637674
0.744054934009910	0.013877644188759	0.001260512452794
0.744679373921826	0.011699796224384	0.001085462770996
0.745304881609627	0.013280342981508	0.001104406286897
0.746554829202069	0.013839558684473	0.001377947425408
0.747179269113985	0.010094135488524	0.001014518841771
0.747804776801786	0.012278717140010	0.001061532004399
0.749054724394227	0.011792531150953	0.001104484765196
0.749679164306144	0.010871578121766	0.000974388860756
0.750303604210785	0.011115926250850	0.001022997478033
0.750929111898586	0.013118540112823	0.001171345558387
0.751553551810503	0.010651035548920	0.001130112000907
0.752179059498303	0.010879820212649	0.001015336956372
0.753429007090745	0.012506125869312	0.001097548992795
0.754678954690462	0.011546169379513	0.001075917575406
0.755303394595103	0.010325612860729	0.001076282158550
0.755928902282903	0.011681983044436	0.001113783799330
0.757177782099461	0.013875463477270	0.001166707758473
0.757803289787262	0.014525381304554	0.001221348663338
0.758427729699179	0.013595611443033	0.001169946230292
0.759053237386979	0.012219537452537	0.001236639830919
0.759677677291620	0.011399517754112	0.001048993373712
0.760303184979421	0.010488290174829	0.001030155244618
0.761553132571862	0.012542965687753	0.001087038302925
0.762177572483779	0.014033232628399	0.001104526961774
0.762802012395696	0.012436656581219	0.001063205734371
0.763427520083496	0.012399330817414	0.001203582608607
0.764051959988137	0.013055538252397	0.001294808352720
0.764677467675938	0.013478856410107	0.001258274429355
0.765301907587855	0.011618275673357	0.001128984140194
0.765927415268379	0.014772505581688	0.001121935418818
0.766551855180296	0.012042297449229	0.001118107939306
0.767177362868097	0.011729133439660	0.001086694141377
0.767801802780014	0.012387228037433	0.001079858034589
0.768427310460538	0.011779107524575	0.001081231950524
0.769051750372455	0.011484711646302	0.001148486638625
0.769676190284372	0.012945068014569	0.001276156975703
0.770301697964896	0.013444614395602	0.001397908395529
0.770926137876813	0.013667005944742	0.001347494325468
0.771551645564614	0.013582635331706	0.001415671379132
0.772176085476531	0.012986208445295	0.001163076546855
0.772801593157055	0.012404404520011	0.001048159106093
0.773426033068972	0.011847776646668	0.001080701627642
0.774051540756773	0.012379697007999	0.001211076834342
0.774675980661414	0.012423440856397	0.001258145280325
0.775301488349214	0.013100908275022	0.001107604869199
0.775925928261131	0.010621910152612	0.001304873762640
0.776550368173048	0.012823461556154	0.001197347059136
0.777175875853573	0.013655319907325	0.001202754207428
0.777800315765489	0.011957662161328	0.001274103223471
0.779050263357931	0.010342802944763	0.001051140470164
0.779675771045731	0.010421552532833	0.001107643494849
0.780300210957648	0.012792794113336	0.001188727053490
0.781550158550090	0.013303596609717	0.001341019163555
0.782175666237890	0.014831014647235	0.001357974217715
0.782800106149807	0.011326393271841	0.001206342516952
0.783424546054448	0.013123618177591	0.001215264812062
0.784050053742249	0.013289592974357	0.001166668866112
0.784674493654165	0.013335141156812	0.001159545638563
0.785924441246607	0.011467252466107	0.001082439254640
0.786549948934407	0.012550165781154	0.001106648379638
0.787174388846324	0.012488325148384	0.001191455050458
0.787799896526849	0.010715833127012	0.001134543801473
0.788424336438766	0.011344889150037	0.001037118177522
0.789049844126566	0.012430715850449	0.001140765871821
0.789674284038483	0.011508833857298	0.001155708364830
0.790298723943124	0.010760371728843	0.001046365257732
0.790924231630925	0.012923249392763	0.001319521016789
0.791548671542841	0.013902225337305	0.001371692105793
0.792174179223366	0.010677112067380	0.001008915509418
0.792798619135283	0.012439879940694	0.001126010066545
0.793424126823083	0.010589644575247	0.001049666457565
0.794048574200133	0.014397012094081	0.001304349865914
0.794674074415525	0.013463257446175	0.001208018229906
0.795298521792574	0.012925665756139	0.001218196902812
0.795924022015242	0.012970706521119	0.001180911106389
0.796548469392292	0.011816958277254	0.001101003577525
0.797172909296933	0.013646373782240	0.001113986415496
0.798422856896650	0.010255446418357	0.001026581791330
0.799048364584451	0.012970519736449	0.001048523933041
0.800298312176892	0.009888273508155	0.001072412997048
0.800922752088809	0.011272319782958	0.001029697265155
0.802172699681250	0.011856514290458	0.001042861565384
0.802798207369051	0.012220297733576	0.001046520948056
0.804047087185609	0.012417878420394	0.001078088049829
0.804672594873409	0.012147350325932	0.000986479801537
0.805297034785326	0.013155295697863	0.001053930653617
0.805922542465851	0.012277640236769	0.001035244899142
0.806546982377768	0.011909999371504	0.001124657881549
0.807172490065568	0.010894145364184	0.001153217796838
0.807796929977485	0.012062059069712	0.001241742443744
0.808422437658010	0.009971706963376	0.001144573209631
0.809046877569926	0.012681687484931	0.001192526973978
0.809672385257727	0.011947786739536	0.001062863752957
0.810921265074285	0.013294091145766	0.001094679934088
0.811546772762085	0.012291883214163	0.001129507991282
0.812171212674002	0.011950453260067	0.001076610053453
0.812796720354527	0.011730904673357	0.001055919023506
0.813421160266444	0.013048098321872	0.000988025856903
0.814046667954244	0.012222539229672	0.001138683211857
0.814671107858885	0.011523788504587	0.001092853398360
0.816546563146403	0.010123476025396	0.001072075946621
0.817171003051044	0.010989977140848	0.001110543944866
0.817795442962961	0.011541762659800	0.001232041583409
0.818420950650761	0.011243174927755	0.001052052315355
0.819045390555402	0.011556293182761	0.000975582559520
0.819670898243203	0.012601830213816	0.001198883282044
0.820295338155120	0.013099010224414	0.001108586005468
0.820920845842920	0.011142434199202	0.001030133453074
0.821545285747561	0.013468528929033	0.001147990232620
0.822170793435362	0.011888039889099	0.001089733693907
0.822795233347279	0.012552902028494	0.001064074828476
0.823420741027803	0.010782201795267	0.001140589866400
0.824045180939720	0.010473133972717	0.001047318566158
0.824669620851637	0.012361152972484	0.001122426335856
0.825295128539437	0.012347234471463	0.001150068054701
0.825919568444078	0.010933448733739	0.001118063371711
0.826545076131879	0.011346082582826	0.001208660843128
0.827169516043796	0.011666188700889	0.001033756194063
0.828419463636237	0.012537868454680	0.001139209369240
0.829044971324038	0.013369917310702	0.001307644846949
0.829669411235955	0.013944607551276	0.001356662674561
0.830294918916479	0.012072042836281	0.001032722137728
0.830919358828396	0.010976405748516	0.001001471434692
0.831543798740313	0.011282821169606	0.001065219403920
0.832169306420838	0.011399105358614	0.001046597980582
0.832793746332754	0.012845701574339	0.001124645879232
0.833419254020555	0.011429161268277	0.001150801177633
0.834043693932472	0.011663934978334	0.001116354868688
0.834669201612996	0.014570950635299	0.001634991336942
0.835919149212714	0.014656503690690	0.001581108319157
0.836543589124631	0.014469673879915	0.001270394474037
0.837169096805155	0.014150147771691	0.001211725668982
0.837793536717072	0.010857281873401	0.001072331678170
0.838417976628989	0.012148558239980	0.001081154823927
0.839667924221430	0.013313112837314	0.001116783627104
0.840293431909231	0.012972539229672	0.001282988047439
0.840917871821148	0.011297920274070	0.001293157422874
0.841543379501672	0.012761025233221	0.001325407150107
0.842793327101390	0.014299726783144	0.001283169341032
0.843417767006031	0.010012563583992	0.001096409697710
0.844042206917948	0.013285694713844	0.001281297034671
0.844667714605748	0.011677705661269	0.001182599245854
0.845292154517665	0.013602828705384	0.001228732278559
0.845917662198190	0.013283897991504	0.001156016657339
0.847167609797907	0.012256256933867	0.001193428978322
0.847792049702548	0.013494731169071	0.001185772276950
0.848417557390349	0.013396683981859	0.001232352501866
0.849041997302265	0.014126257180534	0.001237714541543
0.849667504990066	0.013581665666310	0.001190997887809
0.850291944894707	0.011226953888612	0.001078222558827
0.850916384806624	0.012926895144349	0.001126891091224
0.851541892494424	0.012548641737390	0.001053961177816
0.852166332399065	0.011361498537392	0.001236808215294
0.852791840086866	0.012528749546060	0.001177863174549
0.853416279998783	0.010080748855629	0.001001937274212
0.854041787686583	0.012632785602807	0.001109026048865
0.854666227591224	0.012852860542886	0.001176352739390
0.855291735279025	0.011947979996792	0.001382485571609
0.855916175190941	0.013140505365377	0.001129222074590
0.856541682871466	0.010527415218832	0.000973586119191
0.857166122783383	0.013527531234401	0.001215825333443
0.857790562695300	0.012138025385726	0.001084394596568
0.858416070383100	0.012845777143782	0.001141133178132
0.859040510287741	0.012919521217743	0.001107920970283
0.859666017975542	0.012356476843646	0.001091766776281
0.860290457887459	0.011940006804248	0.001126864908740
0.860915965567983	0.012495124895533	0.001111974581580
0.861540405479900	0.013530321547929	0.001155231248011
0.862165913167701	0.012821887420279	0.001118021744981
0.862790353079617	0.014507124879360	0.001186466074498
0.863415860760142	0.013138862102218	0.001279830178991
0.864040300672059	0.010848425240521	0.001077073553855
0.864664740583976	0.010700819567213	0.001047030320244
0.865290248264500	0.012065409954050	0.001149976157733
0.865914688176417	0.011049244520814	0.001021379260363
0.866540195864218	0.013258957465833	0.001101473276872
0.867164635776135	0.011748062492311	0.001100693302272
0.867790143456659	0.013143533809378	0.001338828650037
0.868414583368576	0.009917776322491	0.001045098520897
0.869040091056377	0.011424653980842	0.001109213545762
0.869664530961018	0.012116328637312	0.001063390277376
0.870290038648818	0.010535230976009	0.000929178689123
0.870914478560735	0.010335220975602	0.001094058587324
0.871538918472652	0.013448334769034	0.001135591202231
0.872164426153176	0.010409512748507	0.000964832381416
0.872788866065093	0.011503639663985	0.001036913839041
0.874038813657535	0.011181618136226	0.001159818831849
0.874664321345335	0.012606731212540	0.001148471930907
0.875288761257252	0.014267927824132	0.001146405067428
0.875914268945053	0.013143566236989	0.001177254731134
0.876538708849694	0.014654906005309	0.001148650172485
0.877164216537494	0.013002504612245	0.001155918408982
0.877788656449411	0.011953009524997	0.001123568867492
0.878413096354052	0.014038951737734	0.001160692113544
0.879038604041853	0.010634917115639	0.001083735227457
0.879663043953769	0.013000743118493	0.001016645917649
0.880912991546211	0.011310285958173	0.001097566201949
0.881538499234011	0.011231918943540	0.001019620878277
0.882162939145928	0.014078963063099	0.001138837236537
0.882788446826453	0.011201689702449	0.001042434730898
0.883412886738370	0.013473059501017	0.001106904369672
0.884038394426170	0.011151969981238	0.001134311047077
0.884662834338087	0.011042256867994	0.001029729554335
0.885287274242728	0.011428465790398	0.000988483603304
0.885912781930529	0.012760274433812	0.001176030489429
0.886537221842445	0.012175297500586	0.001158207369835
0.887162729522970	0.012885905051614	0.001146746775427
0.887787169434887	0.012113416084378	0.001081686398553
0.888412677122687	0.010157120906270	0.000927592447554
0.889037117034604	0.012301193334414	0.001061401105492
0.889662624715129	0.013634544369851	0.001232487411658
0.890287064627046	0.013356457498086	0.001142735575719
0.890911504538963	0.012115035801338	0.001115482772255
0.891537012219487	0.011182029962689	0.001076911043742
0.892161452131404	0.012027503551011	0.001230759912353
0.892786959819205	0.013286076956016	0.001186750044288
0.893411399731121	0.011138531805960	0.001017825396892
0.894036907411646	0.011335257815741	0.000991677206271
0.894661347323563	0.012656165717575	0.001145401952414
0.895286855011364	0.010467004033960	0.001031401360742
0.896536802603805	0.011725900081435	0.000995032478227
0.897161242515722	0.013207560506673	0.001340786522963
0.898411190108163	0.011573705467653	0.001354552932277
0.899035630020080	0.013803988375589	0.001347115218370
0.899661137707881	0.014300926380212	0.001393445497761
0.900285577612522	0.010787315210447	0.001123695825292
0.900911085300322	0.011507782796241	0.001133135816836
0.901535532677372	0.010909597890114	0.001035149252442
0.902161032900040	0.013203424774176	0.001150112630296
0.903410980492481	0.013855570887733	0.001179816482390
0.904035427869530	0.014147868534352	0.001112236997493
0.904659867781447	0.010482267152801	0.001089498340271
0.905285375461972	0.010959123270138	0.001147595327277
0.905909815373889	0.013098126493606	0.001161673597908
0.906535323061689	0.010590445167461	0.001168712799919
0.907159762973606	0.010606456428438	0.001113166785857
0.908409710566048	0.010073614877954	0.001083479748385
0.909035218253848	0.011989016827615	0.001015327737835
0.909659658158489	0.013194790111166	0.001125641200173
0.910909605758206	0.012624053858591	0.001042754018489
0.911534045670123	0.013345287641312	0.001152653367027
0.912159553350648	0.012221777545177	0.001251910055743
0.912783993262565	0.010729517563843	0.001087820671074
0.913409500950365	0.011476524930397	0.001132209064576
0.914033940855006	0.013044536383548	0.001117259857168
0.914659448542807	0.011719488618165	0.001023921802903
0.915283888454724	0.011335661753393	0.001047451326606
0.915909396142524	0.009937859466794	0.001064857928738
0.917159343734966	0.012523068319508	0.001209267970354
0.917783783646883	0.014407992066460	0.001192568998363
0.918408223551523	0.011222026773984	0.001000759489836
0.919033731239324	0.011710367735677	0.001118243588354
0.919658171151241	0.011318019867291	0.000977649617687
0.920908118743682	0.010446407577844	0.000982660741905
0.921533626431483	0.010240517159426	0.001107519474300
0.922158066343400	0.011827156595162	0.001080211023915
0.922783574031200	0.011473482027361	0.001090879210027
0.923408013935841	0.010631306452518	0.001010926576654
0.924033521623642	0.013770618475416	0.001093727613993
0.924657961535559	0.011161880148103	0.001096022856438
0.925282401440199	0.010380580826885	0.000972316210852
0.925907909128000	0.010726305336491	0.001048203291595
0.926532349039917	0.011336604364344	0.001112285942281
0.927157856727717	0.010117640810473	0.001055622509179
0.927782296632358	0.011039191011913	0.001025971150862
0.928407804320159	0.010786664603960	0.001056958113627
0.929032244232076	0.009938752783964	0.001015093470279
0.929657751912600	0.010766517087466	0.001032343785836
0.930282191824517	0.011086624987025	0.001055112404215
0.930907699512318	0.013629535070171	0.001184720682734
0.931532139424235	0.012928814626191	0.001249524252123
0.932782087016676	0.010837319582188	0.001203448595271
0.933406526928593	0.012010153601008	0.001253698924906
0.934032034609118	0.013339663120053	0.001179292304201
0.934656474521034	0.011707733620971	0.001195914814179
0.935281982208835	0.012730432989387	0.001146689795444
0.935906422120752	0.010855538120866	0.001221811834936
0.936531929801276	0.011582457907877	0.001332087103370
0.937781877400994	0.012112047898338	0.001066688560686
0.938406317305635	0.011310805034254	0.001113303805474
0.939656264905352	0.011016057108955	0.001084382714965
0.940280704817269	0.011477906807031	0.001172490009343
0.940906212497794	0.011795150460368	0.001110850851628
0.941530652409710	0.010930976114350	0.001076914233989
0.942156160097511	0.010848485788755	0.001071564339723
0.942780600002152	0.012344687916218	0.001107036232363
0.943406107689952	0.011789347695990	0.001130797725249
0.944656055289670	0.013890532544379	0.001277433440204
0.945280495194311	0.014010313660980	0.001276930003362
0.947780390386470	0.014354206544526	0.001328754290983
0.948404830298387	0.013400707796709	0.001333078757034
0.949030337986187	0.014226892260702	0.001349714226627
0.949654777890828	0.014196837334434	0.001285640154356
0.950280285578629	0.014551786107624	0.001428015307555
0.950904725490545	0.012362005953054	0.001154273693459
0.951530233171070	0.013272870959244	0.001269617840394
0.952154673082987	0.014245624399970	0.001319810743877
0.953404620682704	0.010784259919873	0.001145690189965
0.954029060587345	0.014352199369464	0.001243986498103
0.954654568275146	0.013223434086907	0.001410958710058
0.955279008187063	0.011737025614036	0.001251095372694
0.955904515867587	0.013433976828245	0.001274337770322
0.957154463467305	0.011424008844394	0.001229496050416
0.957778903379221	0.013860159549507	0.001244221547106
0.958404411059746	0.013849500161590	0.001399430559322
0.959028850971663	0.014819552703186	0.001288194817153
0.960278798564104	0.013291867404904	0.001324452867767
0.960903238476021	0.012752845322966	0.001313385506522
0.961528746163822	0.011553149320830	0.001135316431731
0.962153186075739	0.012904201235991	0.001097687515679
0.962778693756263	0.010616968598603	0.001245998231012
0.963403133668180	0.012264308967366	0.001304812321951
0.964028641355981	0.011761954088281	0.001430431094622
0.964653081260622	0.013749269376522	0.001340796664346
0.965277521172538	0.013192034171636	0.001176040968471
0.965903028860339	0.013534833513244	0.001330014548981
0.966527468772256	0.013435714311272	0.001604167042549
0.967152976452780	0.014169784380705	0.001512365710761
0.967777416364697	0.012583955995726	0.001339482268943
0.968402924052498	0.014374585208253	0.001430956315340
0.969652871644939	0.014649425265746	0.001366601161260
0.970277311556856	0.011545760325691	0.001227524557351
0.970902819244657	0.011975388814899	0.001248637041569
0.971527259149298	0.011871616997449	0.001206680363124
0.972151699061214	0.014354657728747	0.001486671173182
0.972777206749015	0.012684942626278	0.001281626373568
0.974027154341456	0.013768291942437	0.001246338439631
0.974651594253373	0.012141489546870	0.001107576054745
0.975277101941174	0.013660021420116	0.001234173115797
0.975901541845815	0.013802505859023	0.001180983089862
0.976527049533615	0.013619715191137	0.001340901874629
0.977151489445532	0.012559931538844	0.001167326157676
0.977776997126057	0.012010698157497	0.001127394519286
0.979025876949891	0.013802023221987	0.001261965836822
0.979651384637691	0.012589423087722	0.001259141330588
0.980275824542332	0.013145264700495	0.001342264240711
0.980901332230133	0.011618391798419	0.001047298625773
0.981525772142049	0.012116192754823	0.001097917744139
0.982151279822574	0.012174338249570	0.001155468130844
0.982775719734491	0.010622923464295	0.001040274161261
0.983401227422291	0.013057634089221	0.001102093743258
0.984025667334208	0.011696261984109	0.001050100312752
0.984651175014733	0.012636931959394	0.001163754017883
0.985275614926650	0.011408307767681	0.001128800201215
0.985900054838567	0.011461055516604	0.001072827892060
0.986525562519091	0.011544043681770	0.001096283562082
0.987150002431008	0.012892538443376	0.001234398933719
0.987775510118809	0.014797462460715	0.001333039631656
0.988399950030725	0.011607214781074	0.001191184282705
0.989025457711250	0.013677379119487	0.001322855797863
0.989649897623167	0.013529830877114	0.001152828370262
0.990275405310967	0.013221326673478	0.001223718238730
0.990899845215608	0.013350362950003	0.001225836847320
0.991525352903409	0.012571415743453	0.001191182244005
0.992149792815326	0.010825898199734	0.001160910257074
0.992774232727243	0.010983322630237	0.001063668095507
0.993399740407767	0.011916851793082	0.001203262591161
0.994024180319684	0.014074824384661	0.001230329177839
0.994649688007485	0.013994934258998	0.001332121035410
0.995274127912126	0.012743737539602	0.001213323240480
0.995899635599926	0.011169557179329	0.001171219986813
0.996524075511843	0.010100180347028	0.001050245482781
0.997149583199644	0.012798058541388	0.001104300205529
0.997774023104284	0.011068367670844	0.001187643030528
0.998399530792085	0.013625647939211	0.001324355580262
0.999023970704002	0.012331744379303	0.001363645386986
0.999648410608643	0.013858007705008	0.001274721062830
1.000273918296443	0.013257144651225	0.001092578382621
1.000898358208360	0.013904482568197	0.001307133969462
1.001523865896161	0.012467868244859	0.001454530452512
1.002148305800802	0.010078305425860	0.001022724808668
1.002773813488602	0.011382043428538	0.001173617719316
1.003398253400519	0.013706989625874	0.001265310350043
1.004023761088320	0.012805972615498	0.001146862428166
1.004648200992960	0.013295747302393	0.001237336801094
1.005273708680761	0.011935269641041	0.001130709337663
1.005898148592678	0.013325719352160	0.001128653610496
1.006522588497319	0.011376247554469	0.001149072439214
1.007148096185119	0.012783210860240	0.001177825119805
1.007772536097036	0.011435628009616	0.001199509079387
1.008398043784837	0.011992582959020	0.001290737085526
1.009022483689478	0.011901135040972	0.001192543096679
1.009647991377278	0.010625388803981	0.001202919226510
1.010272438754328	0.012502972107910	0.001296173851440
1.010897938969720	0.010895664877844	0.001346137275122
1.011522386346769	0.013006655677884	0.001271583666551
1.012147886569437	0.010703016440101	0.001215463694245
1.012772333946486	0.013871738959094	0.001322661556373
1.013396773851127	0.012667539877631	0.001361274947167
1.014022281538928	0.012330744329252	0.001259976753583
1.014646721450845	0.012045792458190	0.001299832522607
1.015272229138645	0.013660358547210	0.001318412564039
1.015896669043286	0.013903882180550	0.001466743754053
1.016522176731087	0.012821927482180	0.001435681612545
1.017146616643004	0.011676337750127	0.001332097660335
1.017772124330804	0.010927693844939	0.001262176717836
1.018396564235445	0.013205656134924	0.001262734212023
1.019022071923246	0.010883460985847	0.001147498317975
1.019646511835163	0.013891702493229	0.001415749918027
1.020270951739803	0.013730322575775	0.001224438638632
1.020896459427604	0.011711312335577	0.001316468150979
1.021520899339521	0.010946322423014	0.001293376004542
1.022146407027321	0.014740775552779	0.001220715198633
1.022770846931962	0.012754222681834	0.001297530126722
1.023396354619763	0.013578005546108	0.001246309068522
1.024020794531680	0.014482903820369	0.001220705123514
1.024646302212204	0.011944923971462	0.001246058421778
1.025270742124121	0.011575432187598	0.001207770452554
1.025895182036038	0.011833059333433	0.001241648287726
1.026520689723839	0.011760539479703	0.001200122412936
1.027145129628479	0.010372214990473	0.001261116520179
1.027770637316280	0.012900180624828	0.001198163331107
1.028395077228197	0.010909915165748	0.001149311139853
1.029020584908722	0.011037577970485	0.001100370650569
1.029645024820638	0.011597308371866	0.001110295635067
1.030270532508439	0.012865795978151	0.001153437415951
1.030894972420356	0.013032682014672	0.001152258821137
1.031520480100880	0.011275484644695	0.001143512886659
1.032144920012797	0.011573916694995	0.001129039439099
1.032769359924714	0.012661274792991	0.001264123689197
1.033394867605239	0.013300456079202	0.001284392441560
1.034019307517156	0.010749902862324	0.001185163335068
1.034644815204956	0.013146247656597	0.001489474377391
1.035269255116873	0.014681155985872	0.001476091670710
1.037144710397115	0.011249462635578	0.001146264199714
1.037769150301756	0.012895981740203	0.001271452487813
1.038394657989556	0.014493840024288	0.001231206702164
1.039019097901473	0.011209179500013	0.001177690809699
1.039643537813390	0.013631605128929	0.001282258836021
1.040269045493915	0.011383771360789	0.001146603204221
1.040893485405832	0.013522581853366	0.001152606447597
1.041518993093632	0.011703657533784	0.001131485576002
1.042143432998273	0.013741804378666	0.001102199747961
1.042768940686074	0.011757562797376	0.001185015163739
1.043393380597990	0.013135340724338	0.001263111926971
1.044018888285791	0.013774333774334	0.001222576333233
1.044643328190432	0.010980359813907	0.001110774670114
1.045268835878232	0.011018162880021	0.000973670675839
1.045893275790149	0.011509448928945	0.001115501329310
1.046517715694790	0.010978277700795	0.001096952850579
1.047143223382591	0.012011123829424	0.001050059313727
1.047767663294508	0.011851170288808	0.001077381553292
1.048393170982308	0.013572378711026	0.001251318675148
1.049643118574750	0.010633607777380	0.001165351779203
1.050267558486667	0.012534239319602	0.001159100568145
1.051517506079108	0.014801963751799	0.001290013869401
1.052143013766909	0.012516070772622	0.001160822040360
1.052767453678825	0.013267646648184	0.001190321698676
1.053391893583466	0.014232096818458	0.001296576817463
1.054017401271267	0.014497282712257	0.001183316286864
1.054641841183184	0.012284619700725	0.001145880249418
1.055267348863708	0.011849088429378	0.001110647302047
1.055891788775625	0.012794885068981	0.001259725086910
1.056517296463426	0.014026871745766	0.001419114925864
1.057767244055867	0.014726011568914	0.001629755644086
1.058391683967784	0.014512355469824	0.001482148417222
1.060891579159943	0.012181650348804	0.001431146478922
1.061516019071860	0.014621809761862	0.001363715223670
1.062141526752384	0.014635891256872	0.001308337126795
1.062765966664301	0.013550926953495	0.001228201414692
1.063391474352102	0.014837078033941	0.001368843361300
1.064015914256743	0.014321560278295	0.001275333116894
1.064641421944543	0.013123792922060	0.001241658047718
1.065265861856460	0.012766350649591	0.001232211290096
1.065891369544261	0.012728293219701	0.001245762723956
1.066515809448902	0.009938606704874	0.001097276110675
1.067140249360818	0.011128847321208	0.001102848553225
1.068390196953260	0.011606806455830	0.001085477404976
1.069015704641060	0.013098530053850	0.001188859800263
1.070890092145419	0.010154057761547	0.001214528329863
1.071515599833219	0.010552628602849	0.001069613552591
1.072140039745136	0.010731920841045	0.001129966312760
1.072765547425661	0.011422998453019	0.001200626816164
1.073389987337578	0.011026885820202	0.001107234249702
1.074014427249494	0.012819985568637	0.001160552911202
1.075264374841936	0.011501592754070	0.001208546108203
1.075889882529736	0.011425896259884	0.001292138712745
1.076514322441653	0.014406742428680	0.001367198038051
1.077764270034095	0.013738501873769	0.001345709649275
1.078389777721895	0.013598696791557	0.001239129802718
1.079014217633812	0.012930392722025	0.001261231501630
1.079639725314337	0.011449752883031	0.001139436720442
1.080264165226254	0.010708460129378	0.001152899637947
1.080888605138171	0.014517651500850	0.001247752350726
1.081514112818695	0.012995972915044	0.001237896374154
1.082138552730612	0.012784718219721	0.001318725933960
1.082764060418413	0.013461337396006	0.001274848821155
1.083388500330329	0.014150674466071	0.001236965204178
1.084014008010854	0.011846373281792	0.001055317337877
1.084638447922771	0.012020838192987	0.001121023598542
1.085263955610571	0.011464515042028	0.001165586837140
1.085888395515212	0.012223613550605	0.001140173089320
1.086512835427129	0.010296319366011	0.001066706201248
1.087762783026847	0.012947938420595	0.001487104960093
1.088388290707371	0.013165616881296	0.001246263406850
1.089012730619288	0.011657198385409	0.001092695504978
1.089638238307089	0.013482876146720	0.001195275200835
1.090262678219005	0.011332335931699	0.001098635841404
1.090888185899530	0.011311418803289	0.001162258358619
1.091512625811447	0.011920476230747	0.001144832825496
1.093387013315805	0.012883920505872	0.001145777218255
1.094012521003606	0.013152108439300	0.001113980566643
1.094636960915523	0.011162268964860	0.001163174117647
1.095262468596047	0.012224186369519	0.001149592397681
1.095886908507964	0.010819584479071	0.001104824109868
1.096512416195765	0.012002975385448	0.001135901852944
1.097136856100406	0.011267960862566	0.001136153734510
1.097762363788206	0.012158825591717	0.001120255001080
1.098386803700123	0.013391623611348	0.001224132001291
1.099636751292564	0.011694361554089	0.001091531152415
1.100886698892282	0.010930195544270	0.001074598538087
1.101511138796923	0.010737109589820	0.001131286807071
1.102136646484723	0.013121520951499	0.001161559864193
1.102761086396640	0.012438254410399	0.001156484478513
1.103386594084441	0.011250563077498	0.001129155718469
1.104011033989082	0.010640706361784	0.001073778950376
1.104636541676882	0.011701727524515	0.001144850829434
1.105260981588799	0.011349879498326	0.001051754059779
1.105886489269324	0.010160208545710	0.001043069094392
1.106510929181240	0.012292474327484	0.001122252936266
1.107760876780958	0.012296958964338	0.001043431958366
1.108385316685599	0.011621172206341	0.001174538517106
1.109010824373399	0.012651275333168	0.001170478912687
1.109635264285316	0.010162135729458	0.001082151158104
1.110260771965841	0.011107322063624	0.001106719344147
1.110885211877758	0.011769310866376	0.001080616717301
1.111510719565558	0.012637128060438	0.001248738261724
1.112135159477475	0.012006899487019	0.001292967103147
1.112760667158000	0.012580227197397	0.001206722508477
1.113385107069917	0.013433385438586	0.001417971467488
1.114009546981833	0.012597894050191	0.001291107619417
1.114635054662358	0.014293825303426	0.001255231276052
1.115259494574275	0.010856407640597	0.001173486443521
1.115885002262075	0.014303139543014	0.001400053960361
1.116509442173992	0.010060465150286	0.001189000501709
1.117134949854517	0.011792753744701	0.001295223104730
1.117759397231566	0.012720916682851	0.001227752700249
1.118384897454234	0.009916967064116	0.001113910788845
1.119009344831284	0.010093023078999	0.001160405136843
1.119634845046676	0.010378635755142	0.001153316138697
1.120259292423725	0.011466492025696	0.001144466045989
1.120883732335642	0.014388595269160	0.001177568725254
1.121509240023443	0.012121256969908	0.001211172836146
1.122133679928083	0.014037455838383	0.001185704164240
1.122759187615884	0.014152225425007	0.001253486571495
1.123383627527801	0.013200676769163	0.001277722192124
1.124009135208325	0.010602655067181	0.001096212961353
1.125259082808043	0.012436346397933	0.001094909111793
1.125883522719960	0.011122234609755	0.001176699402494
1.126509030400484	0.011998656866769	0.001217535595664
1.127133470312401	0.010201699773083	0.001202428733161
1.127757910224318	0.013405418366697	0.001174258963865
1.128383417904843	0.012298243813824	0.001194694962513
1.129633365504560	0.011414457558731	0.001309578609021
1.130257805416477	0.011831959585217	0.001318856827289
1.130883313097002	0.011197379640377	0.001199334606092
1.131507753008918	0.013705913404755	0.001224505661098
1.132133260696719	0.014065424793189	0.001137784332754
1.132757700601360	0.012577712565611	0.001154818993836
1.133383208289160	0.011139947487441	0.001109137131392
1.134007648201077	0.011638108607089	0.001160850164034
1.134632088112994	0.012118469734245	0.001210489244530
1.135257595793519	0.011056090548127	0.001263701802223
1.135882035705436	0.010364262915150	0.001294070063439
1.136507543393236	0.011643379906853	0.001091074579047
1.137757490985678	0.011671623159673	0.001014792414949
1.138381930897594	0.012595364097033	0.001158739278792
1.139007438585395	0.014279615144168	0.001130180304179
1.139631878490036	0.010639546828681	0.001013813689449
1.140881826089753	0.010288005512348	0.001056629740862
1.141506265994394	0.012269700591367	0.001134457282579
1.142131773682195	0.010473408795979	0.001114984804496
1.142756213594112	0.011058906721001	0.001105585147503
1.143381721281912	0.010670795023316	0.001035752624882
1.144006161186553	0.013388577036015	0.001084517121733
1.144631668874354	0.011835490047514	0.001050226768136
1.145256108786270	0.010284369455275	0.001004523828738
1.145881616466795	0.011281257636230	0.001008402799073
1.146506056378712	0.010004113841206	0.000984628480119
1.147130496290629	0.010097102108936	0.001025201384235
1.147756003978429	0.010619164600790	0.001160155928173
1.148380443883070	0.011626866673128	0.001082381808829
1.149005951570871	0.011747032844625	0.001134790220120
1.149630391482788	0.011289212616082	0.001068302627080
1.150255899163312	0.012243325117702	0.001081167067378
1.150880339075229	0.011252653927813	0.001033087166281
1.151505846763030	0.010590348315759	0.001181939775157
1.152130286674947	0.010921241050119	0.001158136812432
1.152755794355471	0.011652744402487	0.001099841747520
1.153380234267388	0.010956140789874	0.001140634972252
1.154004674179305	0.013656617736935	0.001242378470896
1.154630181859829	0.013984219642055	0.001250642478626
1.155254621771746	0.013613875291659	0.001424555803441
1.155880129459547	0.013095859739811	0.001233694999224
1.156504569371464	0.011278107341321	0.001118869873448
1.157130077051988	0.011936544276295	0.001097166388686
1.157754516963905	0.012839146357832	0.001086864774110
1.158380024651706	0.012301121032467	0.001141897342136
1.159629972244147	0.011856341847216	0.001135534675529
1.160878852067981	0.012945451778002	0.001188764788461
1.161504359748506	0.011981088560886	0.001177473143996
1.162128799660422	0.012609033918339	0.001295453008312
1.162754307348223	0.011521915145274	0.001187671412044
1.164004254940664	0.011430078360458	0.001248125118729
1.164628694852581	0.011442326340167	0.001240796077353
1.165254202540382	0.011685116851169	0.001313111704316
1.166504150132823	0.014564468914471	0.001559961021229
1.167128590044740	0.014748046328308	0.001367212656125
1.167753029949381	0.012216852858349	0.001425921168905
1.168378537637182	0.011623324699374	0.001252253731360
1.169002977549098	0.013498231055483	0.001243243510234
1.169628485236899	0.011387527618290	0.001197617556171
1.170252925141540	0.011792461775962	0.001256655507946
1.170878432829340	0.013835370105325	0.001344638577891
1.172128380429058	0.010708827759799	0.001091090792514
1.172752820333699	0.011725337268128	0.001081655255942
1.173378328021499	0.010924188626592	0.001158158207555
1.174002767933416	0.009975781124250	0.001120168380733
1.174627207838057	0.010932695592757	0.001117205232535
1.175252715525858	0.011039872811156	0.001156340882108
1.175877155437774	0.010191137664534	0.001073780523160
1.176502663125575	0.012608062313874	0.001138748759758
1.177127103030216	0.012108081501149	0.001183392300083
1.177752610718017	0.013182497074945	0.001242944565667
1.178377050629933	0.010242630626796	0.001133588707031
1.179002558310458	0.013998835308925	0.001256476051545
1.179626998222375	0.010817153022217	0.001181955598075
1.180876945822092	0.011215421297715	0.001081349329357
1.181501385726733	0.012380006620324	0.001154059498315
1.182126893414534	0.012804063388251	0.001144540221741
1.182751333326451	0.011921946403596	0.001186712515973
1.183376841006975	0.012378265222536	0.001089895988631
1.184001280918892	0.010498619093827	0.001120705650049
1.184626788606693	0.013352317316532	0.001227263108921
1.185251228518609	0.013641997702400	0.001207086190578
1.185876736199134	0.013090338579135	0.001306350188561
1.186501176111051	0.012930387565277	0.001213735532975
1.187126683798851	0.012833233093652	0.001143063611835
1.187751123703492	0.011522493654118	0.001033750098967
1.188375563615409	0.012620796878334	0.001197986406589
1.189001071303210	0.011703929988668	0.001270860569338
1.189625511215127	0.013909749153758	0.001260725643991
1.190251018895651	0.012150184244597	0.001461750061470
1.190875458807568	0.013130890848282	0.001255662357428
1.191500966495369	0.012598337123895	0.001175877703585
1.192125406400010	0.010468584697763	0.001265105700870
1.192750914087810	0.010554524682176	0.001200968116374
1.194000861687528	0.012991094417351	0.001228218148587
1.195249741504085	0.011099177866689	0.001109250643196
1.195875249191886	0.011125441554117	0.001164596345883
1.196499689096527	0.012586243871416	0.001276941615632
1.197125196784327	0.013528063081904	0.001256430104288
1.197749636696244	0.010376726001702	0.001127191186034
1.198375144384045	0.012758942550885	0.001190766498084
1.198999584288686	0.010484708665155	0.001024284096364
1.199625091976486	0.012412153156428	0.001107115239467
1.200249531888403	0.011753239527415	0.001160087171873
1.200875039568928	0.012067104503025	0.001175747893257
1.201499479480844	0.012993297592239	0.001277891230606
1.202123919392761	0.014016164293821	0.001201453706013
1.203373866985203	0.012643402805505	0.001161248150994
1.203999374673003	0.013604640554677	0.001172466984525
1.205249322265445	0.010768123583268	0.001201746570620
1.205873762177362	0.010675620329658	0.001090690649568
1.206499269865162	0.013821313738039	0.001196835072979
1.207123709777079	0.013520703695458	0.001250594322902
1.207749217457604	0.013370767883932	0.001189435060254
1.208373657369521	0.011260029849423	0.001164836013346
1.208998097281437	0.011946448488352	0.001161111609816
1.209623604961962	0.011297261375957	0.001031136944831
1.210248044873879	0.012427321179820	0.001137022797073
1.210873552561679	0.012319739138422	0.001203072503604
1.212123500154121	0.013416069486450	0.001409243901960
1.212747940066038	0.013811426510170	0.001447698132953
1.213997887658479	0.013421951655133	0.001156831677684
1.214622327570396	0.014586752693041	0.001216800073961
1.215872275170113	0.014289613919318	0.001540424406138
1.216497782850638	0.014784649069630	0.001837835835950
1.218372170354996	0.012823912714048	0.001384050810894
1.218997678042797	0.013963165429205	0.001332957306855
1.219622117954714	0.011469523189043	0.001341934180708
1.220247625642514	0.014257975660969	0.001363798003423
1.221496505459072	0.011967955677011	0.001281453242262
1.222122013146873	0.012152554280060	0.001351014398095
1.222746453051514	0.012727809620437	0.001216641777675
1.223371960739314	0.013964924776565	0.001289774857420
1.224621908339032	0.012973773734026	0.001265215414177
1.225246348243672	0.012482949930267	0.001173828704877
1.225871855931473	0.010388577155075	0.001087310652653
1.226496303308522	0.010396971372958	0.001077149765611
1.227121803523914	0.013164361706150	0.001207527797754
1.227746250900964	0.011187723417939	0.001249932489915
1.228370690812881	0.012396739110752	0.001359266694300
1.228996198500681	0.010118591401463	0.001156256128318
1.229620638412598	0.012247558008152	0.001200616142790
1.230246146093123	0.011126274264152	0.001313467890109
1.230870586005040	0.014509442653155	0.001253123968228
1.231496093692840	0.012337406683929	0.001613749969647
1.232120533597481	0.013274234134405	0.001501865107801
1.233370481197198	0.014570157481215	0.001598783468318
1.233995988884999	0.013037533460435	0.001387899138084
1.235244868701557	0.012439918659108	0.001241463604940
1.235870376389357	0.010466211669711	0.001131500087082
1.236494816293998	0.012298756635378	0.001179642523865
1.237120323981799	0.012345293283707	0.001223729853593
1.237744763893716	0.013044624537191	0.001235613212830
1.238370271581516	0.011357978121464	0.001234616506438
1.238994711486157	0.010392941816627	0.001081533004298
1.239620219173958	0.013257759952073	0.001133712737872
1.240244659085874	0.011539187403952	0.001191283922072
1.240870166766399	0.011070787332391	0.001200610168605
1.241494606678316	0.012237694426128	0.001141742469601
1.242119046590233	0.012436706395575	0.001119298243093
1.242744554278033	0.012237085061656	0.001291112823500
1.243368994182674	0.011470088962937	0.001223200717782
1.243994501870475	0.010715201828230	0.001178672151649
1.244618941782392	0.013412600878257	0.001222681769479
1.245244449462916	0.010587512048513	0.001139460912249
1.245868889374833	0.012284365182384	0.001235380417048
1.246494397062634	0.013304054290820	0.001360258364999
1.247744344655075	0.012667283425785	0.001413261128205
1.248993224478909	0.012533889234877	0.001593449465000
1.249618732159433	0.014742902255191	0.001390688366829
1.250868679759151	0.013015895311000	0.001249981463951
1.251493119671068	0.012670619104924	0.001296709400703
1.252118627351592	0.010603767077353	0.001238788161189
1.252743067263509	0.012733443300533	0.001286827663711
1.253368574951310	0.012162183260215	0.001297091765977
1.254618522543751	0.012700303718902	0.001284546123221
1.255242962455668	0.011553377141010	0.001266859319731
1.255867402367585	0.012101834582518	0.001209954274106
1.256492910048109	0.013014817519651	0.001285236304615
1.257117349960026	0.011131870757492	0.001230968687108
1.257742857647827	0.011680928042267	0.001302815206012
1.258367297552468	0.012837678491278	0.001317429822465
1.258992805240268	0.010503694590870	0.001223407957891
1.259617245152185	0.013363148961392	0.001148622766023
1.260242752839986	0.010713832416249	0.001311224126079
1.261492700432427	0.010635799879130	0.001078956732937
1.262117140344344	0.011656227570979	0.001162154189702
1.262741580248985	0.012019916788080	0.001244152924080
1.263367087936786	0.012682679362354	0.001320304095434
1.263991527848702	0.013967409378118	0.001294065864016
1.264617035536503	0.011169776721020	0.001193914268248
1.265241475441144	0.012620677682083	0.001246796650682
1.265866983128944	0.012379221202032	0.001249304479043
1.266491423040861	0.012199708523342	0.001231495369343
1.267741370633303	0.012873365634009	0.001294397444240
1.268365810545220	0.012984980657183	0.001500600665897
1.268991318233020	0.010997849129137	0.001347539683971
1.269615758137661	0.010339185893260	0.001167458089931
1.270241265825462	0.013305004253177	0.001264079960104
1.270865705737378	0.011317609670987	0.001157866865057
1.273991108610062	0.012945789037171	0.001230464772561
1.274615548521979	0.010259873800517	0.001067262841595
1.275239988433896	0.013634116612641	0.001265725172487
1.275865496121696	0.012560203620521	0.001206436256633
1.276489936026337	0.011106522890890	0.001193177378811
1.277115443714138	0.012115516988020	0.001296698651602
1.277739883626055	0.013334747624748	0.001361386115197
1.278989831218496	0.011921994760842	0.001243098461912
1.279615338906297	0.013863373873141	0.001241881709861
1.280239778818213	0.010785462152940	0.001239007568881
1.280865286498738	0.013808881328093	0.001194533988045
1.282114166322572	0.012565396653077	0.001479457538675
1.282739674003096	0.014097322199827	0.001483407363428
1.283364113915013	0.013926439059067	0.001498799169220
1.283989621602814	0.014624975706020	0.001451754512925
1.284614061514731	0.013992202183540	0.001419616466972
1.285239569195255	0.012381746821916	0.001262186727759
1.285864009107172	0.011642422926617	0.001350246058983
1.286489516794973	0.012937822012261	0.001216954936179
1.287113956699613	0.011849025628553	0.001289438771394
1.287739464387414	0.013707985197055	0.001283460383376
1.288363904299331	0.012676116989833	0.001332369523901
1.288988344211248	0.014337933719660	0.001517293997227
1.290863799491490	0.012651918144943	0.001481365173836
1.291488239396131	0.014471380867621	0.001854790529890
1.292738186995848	0.009917189149883	0.001482121525988
1.293363694683649	0.013343098793472	0.001501203790683
1.293988134588290	0.011627996816788	0.001441982814996
1.295238082188007	0.013369256592467	0.001546461857192
1.295862522092648	0.014020297985046	0.001294675520361
1.297112469692365	0.013026420646110	0.001223695543086
1.297737977380166	0.011017308256462	0.001076862444876
1.299612364884524	0.013132152332967	0.001203708486195
1.300237872565049	0.010331486177157	0.001103192507080
1.300862312476966	0.011219173871580	0.001187309196033
1.301487820164766	0.011544667053055	0.001179981916621
1.302736699981324	0.010021189665063	0.001226202440392
1.303362207669124	0.011422534484060	0.001196633607629
1.303986647581041	0.012080210747993	0.001482178376933
1.304612155261566	0.012999856020248	0.001441057152776
1.305236595173483	0.012083396020239	0.001240501931006
1.305862102861283	0.012610188002184	0.001237839807117
1.306486542773200	0.012994544688320	0.001184602009710
1.307112050453725	0.011555797561787	0.001165890459733
1.307736490365642	0.011552553284508	0.001142626994435
1.308361998053442	0.009931188828578	0.001189849488747
1.308986437958083	0.012212072685129	0.001172037044621
1.309610877870000	0.011667405694739	0.001173173684592
1.310236385557801	0.010995077695203	0.001190192364376
1.311486333150242	0.010804297859819	0.001174167385668
1.312110773062159	0.011163226656525	0.001096084592300
1.312736280749959	0.011752649083456	0.001130611603027
1.313360720654600	0.011055399001905	0.001272264271223
1.313986228342401	0.011177647807133	0.001265451876203
1.314610668254318	0.011662576848993	0.001471081412671
1.315236175942118	0.011986233944195	0.001316372811167
1.315860615846759	0.010679356254687	0.001163241269762
1.316485055758676	0.012788045675406	0.001343801958203
1.317110563446477	0.012917963057776	0.001336511548361
1.317735003351117	0.012482501618964	0.001354620954988
1.318360511038918	0.013038694726000	0.001246085878870
1.318984950950835	0.011761289963328	0.001238225314168
1.319610458638635	0.012552204800344	0.001315289358730
1.320234898543276	0.012136982805619	0.001172937654350
1.320860406231077	0.011550113855042	0.001239676810627
1.321484846142994	0.010767974233914	0.001260818086806
1.322110353823518	0.011521617502363	0.001270602624443
1.322734793735435	0.010506253347195	0.001241404335177
1.323359233647352	0.012882633441009	0.001385701734745
1.323984741335153	0.011776800097680	0.001332440074101
1.324609181239794	0.012526827731506	0.001194649815281
1.325234688927594	0.014809769756134	0.001254303373943
1.325859128839511	0.012028465518267	0.001222344516525
1.326484636520036	0.012829991066753	0.001206719397915
1.327109076431952	0.011877027797052	0.001214520705641
1.327734584119753	0.012693045609103	0.001190625148180
1.328984531712194	0.012796941910081	0.001353390817012
1.329608971624111	0.013046599936264	0.001448768126227
1.330233411536028	0.010072559164804	0.001233172338901
1.330858919216553	0.012920755533740	0.001238235083371
1.331483359128470	0.011683784769934	0.001262715495527
1.332108866816270	0.011825782661914	0.001213733352258
1.332733306728187	0.011492383585407	0.001282777868745
1.333358814408712	0.010800203952349	0.001121367490667
1.334608762008429	0.011923079897007	0.001269326031789
1.335233209385478	0.011851101544695	0.001275101359106
1.335857649290119	0.010792325109490	0.001297626534946
1.336483156977920	0.010240847411760	0.001334601458937
1.337107596889837	0.012751202130309	0.001422734311624
1.337733104577637	0.011415806027423	0.001296865759416
1.338357544482278	0.012293339722830	0.001222559391778
1.339607492081996	0.013520671613068	0.001285787792478
1.340232999762520	0.013698418402637	0.001299931243281
1.340857439674437	0.013018086680407	0.001413803324911
1.342107387274154	0.014017762072476	0.001339402688849
1.342731827178795	0.012803516871995	0.001307997687528
1.343981774778513	0.010140159010808	0.001242084037360
1.345231722370954	0.010970352398718	0.001274480322031
1.345857230058755	0.012431827930633	0.001303439041758
1.346481669970672	0.011574978246157	0.001250337517002
1.347107177651196	0.012316524184433	0.001170524395931
1.347731617563113	0.011716348503239	0.001199298342458
1.348357125250914	0.011935820253292	0.001164322173731
1.348981565155555	0.010405835307942	0.001160669246281
1.349606005067471	0.012750336092696	0.001303369398591
1.350231512755272	0.013393695758350	0.001320162508973
1.350855952667189	0.012241266782695	0.001232840497372
1.351481460347713	0.014833357951939	0.001261402251721
1.352105900259630	0.012852337315857	0.001308280275344
1.352731407947431	0.011642805628443	0.001359087905634
1.353355847852072	0.011284539946960	0.001261001215148
1.356480182956147	0.012276417398192	0.001387242493244
1.357105690643948	0.012332826139185	0.001435038622612
1.358355638236389	0.014849570255990	0.001533368188007
1.358980078148306	0.012115553096325	0.001449758964683
1.359605585836107	0.013577703655892	0.001473949344219
1.361479973340465	0.013280529987236	0.001470519763832
1.362729920932907	0.012585928022645	0.001428157318204
1.363354360844824	0.013383837400779	0.001480645537023
1.363979868532624	0.012031479678898	0.001285954111903
1.364604308437265	0.013372490422674	0.001320903759540
1.365229816125066	0.014294193103712	0.001345668263591
1.365854256036982	0.012766415748964	0.001313016327987
1.366479763724783	0.011079701245839	0.001294775302388
1.367104203629424	0.011626739089386	0.001294791494010
1.367729711317224	0.012279391348895	0.001256620108409
1.368979658909666	0.011872114009798	0.001368425952417
1.369604098821583	0.012462887118163	0.001253131515034
1.370228538733500	0.012011494027575	0.001236172505463
1.371478486325941	0.014071380204965	0.001428045236256
1.372103994013742	0.011607932151308	0.001352206283435
1.372728433925658	0.010827386692382	0.001297029499337
1.373978381518100	0.012312361611058	0.001314601946812
1.374603889205900	0.013707323761581	0.001204402514806
1.375228329117817	0.013997054076500	0.001220097044659
1.375853836798342	0.014569033661786	0.001238465847335
1.376478276710259	0.012580159226025	0.001254811921684
1.377102716622176	0.013003800814185	0.001251685588580
1.377728224302700	0.014099715675155	0.001287408686985
1.378352664214617	0.014764986441897	0.001278387306095
1.379602611814335	0.012452521209089	0.001396207173957
1.380228119494859	0.011298016570424	0.001418555991619
1.380852559406776	0.014235161345856	0.001661708498546
1.382102506999217	0.012741685127417	0.001621157352708
1.383976894510852	0.012209437051501	0.001543375972718
1.384602402191376	0.011928292346587	0.001253825388589
1.385226842103293	0.012654613222718	0.001207480880687
1.385852349791094	0.014856099516304	0.001298345762620
1.386476789695735	0.012423888796272	0.001243732493387
1.387726737295452	0.012120376570686	0.001175187103763
1.388976684887893	0.014774553473515	0.001242128991769
1.389601124799810	0.012349388308527	0.001299384362132
1.390226632487611	0.012871040353924	0.001290465561827
1.391476580080052	0.011225848655468	0.001254924961589
1.392101019991969	0.012549465709825	0.001215589334569
1.392726527679770	0.011276388742366	0.001228007188373
1.393350967584411	0.010977346783477	0.001144531946349
1.393976475272211	0.012214582404431	0.001194278841578
1.394600915184128	0.013825650946711	0.001429744112868
1.395226422864653	0.011265785063837	0.001413565001936
1.395850862776570	0.013046871950982	0.001390742132862
1.396475302688486	0.013792634597158	0.001357241281617
1.397100810376287	0.014763827866158	0.001471190903006
1.397725250280928	0.013267486440101	0.001476750853301
1.398350757968728	0.013123814142161	0.001456080753911
1.398975197880645	0.013931292514361	0.001498824291883
1.399600705561170	0.013310382635164	0.001442801664532
1.400225145473087	0.013642047674873	0.001302892636017
1.400850653160887	0.014384219527242	0.001438455715129
1.401475093072804	0.011507969656829	0.001365480908212
1.402100600753329	0.013279464058928	0.001683967270894
1.402725040665246	0.012377350506466	0.001618119833838
1.403349480577162	0.011791768011011	0.001498078223920
1.403974988257687	0.014543900740647	0.001370650971136
1.404599428169604	0.012490370648587	0.001269907081078
1.405224935857404	0.013798137212652	0.001403055891272
1.405849375769321	0.013092853964016	0.001312691441278
1.406474883449846	0.013305500792454	0.001420075788894
1.407099323361763	0.012885822166510	0.001551895704772
1.408974778642005	0.014255313396750	0.001608101163223
1.409599218553922	0.010666533702564	0.001462189964894
1.410223658465839	0.010752190725127	0.001458166750851
1.410849166146363	0.014679414449540	0.001516780455708
1.411473606058280	0.011802330874989	0.001370635128639
1.412099113746081	0.012891314946093	0.001288132659224
1.412723553650721	0.012467567343425	0.001272974386155
1.413349061338522	0.009958772186657	0.001266973952839
1.413973501250439	0.013801906123971	0.001389351769754
1.414599008938239	0.011261136188746	0.001266425121990
1.415223448842880	0.013371794272901	0.001410598606358
1.415848956530681	0.010288353320138	0.001277731641993
1.416473396442598	0.011880271158649	0.001249950346398
1.417097836347239	0.012488324627253	0.001331196899936
1.418347783946956	0.012018961447375	0.001233682097303
1.418973291634757	0.011593554689799	0.001237034027955
1.419597731539398	0.013067548344931	0.001289340981606
1.420847679139115	0.011706783800045	0.001294898882536
1.421473186826915	0.011970772458722	0.001257061260746
1.422097626731556	0.011212839422996	0.001176229763967
1.422723134419357	0.013242262608710	0.001304780476332
1.423347574331274	0.012267062546392	0.001263167687310
1.424597521923715	0.012517193947730	0.001336351173727
1.425221961835632	0.010184490182910	0.001265065251218
1.425847469523433	0.014734754742073	0.001469202541800
1.426471909428074	0.012555945598444	0.001573421965721
1.427721857027791	0.012923705216261	0.001449189780452
1.428347364708316	0.014456052691347	0.001440010139144
1.429597312308033	0.013336867295866	0.001430307348447
1.431471699812391	0.013527424680306	0.001503532314514
1.432096139724308	0.013971241511060	0.001515220610311
1.432721647404833	0.011220320690718	0.001550398136931
1.433346087316750	0.012339072317359	0.001602652875314
1.433971595004550	0.013428146310306	0.001489171165667
1.434596034916467	0.014757306592431	0.001416339912298
1.435221542596992	0.010759378001408	0.001431833482166
1.435845982508908	0.014414365371305	0.001316031017924
1.436471490196709	0.013474509327338	0.001444529092020
1.437095930101350	0.012180725269876	0.001386869892992
1.437720370013267	0.013190134258794	0.001346320404438
1.438345877701067	0.011897211942168	0.001301733464858
1.438970317612984	0.013718771074134	0.001385508316662
1.440220265205426	0.013577101635316	0.001359996603016
1.440845772893226	0.013570337919401	0.001312625347470
1.441470212797867	0.010855919060631	0.001334141035600
1.442095720485668	0.010513684260062	0.001298957947464
1.442720167862717	0.014438279338942	0.001405706851107
1.443345668085385	0.012716858059035	0.001418591247201
1.443970115462434	0.011075738447907	0.001318377670032
1.444594555367075	0.012896380816681	0.001406968321621
1.445220063054876	0.012211652888003	0.001230777682728
1.445844502966793	0.013157482166654	0.001373158647205
1.447094450559234	0.013169693945318	0.001430845527388
1.448344398158952	0.012537479352106	0.001504290118605
1.448969905839476	0.011714427443050	0.001466293556418
1.450219853439194	0.013398806085115	0.001568787621626
1.450844293343835	0.010932108169492	0.001240627833255
1.451468733255751	0.013184168266780	0.001369633307555
1.452094240943552	0.014334777348476	0.001387121275482
1.452718680855469	0.013851066747644	0.001329914151030
1.453344188535993	0.012205295328385	0.001342187003099
1.453968628447910	0.011451063880493	0.001391223944982
1.454594136135711	0.013075451023967	0.001378723831610
1.455218576040352	0.012430966411198	0.001280617762538
1.455844083728152	0.011221425651668	0.001298105361140
1.456468523640069	0.011393371763511	0.001303624147194
1.457092963551986	0.013308853657768	0.001230816946865
1.457718471232511	0.013436863049597	0.001336980181327
1.458342911144427	0.012516312010892	0.001338563325298
1.458968418832228	0.013667916067445	0.001296232834906
1.459592858736869	0.013043393390462	0.001395082966193
1.460218366424670	0.011739590254489	0.001235734226769
1.460842806336586	0.010949451345837	0.001222070938082
1.461468314024387	0.011364891518738	0.001239791775676
1.462092753929028	0.011295806722325	0.001261911267223
1.462718261616828	0.014583483245784	0.001357028183256
1.463342701528745	0.010003675787626	0.001241972981200
1.463967141433386	0.011714628733583	0.001310845653990
1.464592649121187	0.011896711206461	0.001287656023023
1.465217089033104	0.011001969364549	0.001276501153754
1.465842596720904	0.011620533243934	0.001257325874521
1.466467036625545	0.011676520101806	0.001273749605845
1.467092544313346	0.010516749411657	0.001381964752606
1.467716984225262	0.014292938071836	0.001321202482333
1.468342491905787	0.011310868913109	0.001424857936640
1.468966931817704	0.011569848598733	0.001439113724572
1.470216879417421	0.013124254303733	0.001380814362952
1.471466827009863	0.012667122526927	0.001542505411692
1.472091266921780	0.012019880388678	0.001383711848967
1.472716774602304	0.014264514370514	0.001436321601191
1.473966722202022	0.011721350451736	0.001328586261646
1.474591162113938	0.010957099311624	0.001322394013816
1.476466617394181	0.014778494689457	0.001439719936703
1.477091057298821	0.012936701180095	0.001308302767720
1.477715497210738	0.013484202583056	0.001419797239519
1.478965444810456	0.014716569090360	0.001514592522316
1.479590952490980	0.012260176401055	0.001346183405151
1.480215392402897	0.010255877006501	0.001283362136542
1.480840900090698	0.014020549440269	0.001307410256726
1.481465339995339	0.011516395801754	0.001294378572755
1.482090847683139	0.013249042969761	0.001272272309076
1.482715287595056	0.010102403063818	0.001305031280121
1.483340795282857	0.010690725570629	0.001240215353125
1.483965235187497	0.011213421771362	0.001234054934700
1.484589675099414	0.010828383177644	0.001345622961717
1.485215182787215	0.011608115600392	0.001276717306953
1.485839622691856	0.012345726376042	0.001382304132945
1.486465130379656	0.012574002421718	0.001212291629537
1.487089570291573	0.011467290089947	0.001257251629002
1.487715077979374	0.011842100020321	0.001276260662876
1.488339517884015	0.010990758855434	0.001341047546295
1.489589465483732	0.010633616309679	0.001161203775059
1.490214973164257	0.012041295493314	0.001308635168795
1.490839413076174	0.010164221164124	0.001299110319337
1.491463852988090	0.011059845834850	0.001251499547943
1.492089360675891	0.014533973791702	0.001369700923411
1.492713800580532	0.012588202525378	0.001339804095124
1.493339308268332	0.012427466915427	0.001274161045653
1.493963748180249	0.013114525518326	0.001275766287638
1.494589255860774	0.013511978247533	0.001429101995442
1.495213695772691	0.011009232027429	0.001432155091662
1.495839203460491	0.013276659678279	0.001438620658457
1.496463643372408	0.013021723352700	0.001449011074663
1.497089151052933	0.011840354939169	0.001463190841709
1.498338030876766	0.013980963386449	0.001613090176600
1.499587978469208	0.010752059609824	0.001649281952363
1.500213486157008	0.013773641689890	0.001806975961105
1.500837926068925	0.013306593567425	0.001591410258829
1.501463433749450	0.012318239446540	0.001542863073798
1.502087873661367	0.013021578070366	0.001682697976631
1.502713381349167	0.014755176594581	0.001578543315551
1.503963328941609	0.013731009989429	0.001517855457038
1.504587768853526	0.013074973822805	0.001573809334052
1.505212208765442	0.013324154209284	0.001480509393406
1.505837716445967	0.014050824406718	0.001437949664665
1.507087664045685	0.011741712680974	0.001534184329560
1.507712103950325	0.012440485930913	0.001473927163453
1.508337611638126	0.013152868188625	0.001533149205383
1.508962051550043	0.013257846381994	0.001422563281147
1.509587559237843	0.012292927683976	0.001375085868788
1.510211999142484	0.011219740971897	0.001263777140435
1.510836439054401	0.010729639054628	0.001381469568114
1.512086386646843	0.012925736043653	0.001773724918210
1.513961841934361	0.013512203632980	0.001463100379247
1.514586281839001	0.012869793222219	0.001370536728964
1.515211789526802	0.010521161924980	0.001424836894394
1.515836229438719	0.010739423002552	0.001246267851521
1.516461737126519	0.012460587422146	0.001360319002503
1.517086177031160	0.013748625527369	0.001436375870742
1.517710616943077	0.014561379499110	0.001374197481280
1.518336124630878	0.013806628441812	0.001356216262823
1.518960564535519	0.012013532571189	0.001726275077225
1.519586072223319	0.011428786114138	0.001466205411778
1.520210512135236	0.013198842696502	0.001438522212072
1.520836019823037	0.010310621856985	0.001476482891187
1.521460459727678	0.011283415596084	0.001381797097684
1.522085967415478	0.011941363253944	0.001307761733665
1.522710407327395	0.011546949968388	0.001389635431715
1.523335915007920	0.014065410643967	0.001443830971918
1.523960354919836	0.011479250982746	0.001344966081676
1.524584794831753	0.011608817098885	0.001347136832076
1.525210302519554	0.012329807972739	0.001371192262316
1.525834742424195	0.013312357222650	0.001454721318093
1.526460250111995	0.013887536277050	0.001376666198782
1.527084690023912	0.013623251732067	0.001452940323189
1.527710197704437	0.012078355757531	0.001369568799665
1.528960145304154	0.011388622010914	0.001394684183478
1.529584585216071	0.011382970889515	0.001307222179801
1.530210092896596	0.014555249648913	0.001358515608059
1.530834532808512	0.012817972898011	0.001277253499308
1.531458972720429	0.012750699397139	0.001317438144964
1.532084480400954	0.013156904900482	0.001343682698550
1.532708920312871	0.011351966692406	0.001318621426596
1.533958867912588	0.014509826791859	0.001397441936831
1.534584375593113	0.012311885924284	0.001402088360287
1.535834323192830	0.011069310621593	0.001431207992428
1.536458763097471	0.012899445300096	0.001422696897687
1.537084270785272	0.011363184870277	0.001320163829707
1.537708710697189	0.011313254853998	0.001184037132735
1.538333150609105	0.013751125406878	0.001398125238994
1.538958658289630	0.011920560912305	0.001480884996318
1.539583098201547	0.012462698987115	0.001541547887615
1.540208605889347	0.010761904761905	0.001350156702942
1.540833045793988	0.014188926635401	0.001501957514044
1.542082993393706	0.013406638872092	0.001250762396502
1.542708501081506	0.010773051722685	0.001317045821006
1.543332940986147	0.014651241512515	0.001502995702763
1.543958448673948	0.011523431369472	0.001429229177378
1.544582888585865	0.010865648044455	0.001523766101942
1.545207328490505	0.014114039547689	0.001444099951877
1.545832836178306	0.012382396392193	0.001653360015498
1.546457276090223	0.012001648295045	0.001415682599217
1.547082783778023	0.011269495088964	0.001413125090499
1.547707223682664	0.014704593791571	0.001586740141518
1.548957171282382	0.012350975433526	0.001596679065379
1.550207126339956	0.013899217746458	0.001488836275480
1.550832626562624	0.012814227047550	0.001597550876331
1.551457073939673	0.013730589313746	0.001504324575608
1.552081513851590	0.014240133952168	0.001513877044992
1.552707021532115	0.012177714510188	0.001502431359039
1.553331461444031	0.012662424806985	0.001426204533475
1.553956969131832	0.013960281264776	0.001576278874491
1.554581409036473	0.014363989776084	0.001669674186781
1.555831356636190	0.010534808489612	0.001321148599170
1.556456864323991	0.011703680433975	0.001468317800625
1.557081304228632	0.014508976622035	0.001461521210293
1.558331251828349	0.014267434420985	0.001454231732751
1.558955691732990	0.012519300101508	0.001486849572362
1.559581199420791	0.011205076536642	0.001227023710906
1.560205639332708	0.013492382434040	0.001330472865755
1.560831147020508	0.011169667920338	0.001306850516108
1.561455586925149	0.010984959604208	0.001340931124764
1.562081094612950	0.012777139367250	0.001259074876228
1.562705534524866	0.013245326303504	0.001289424875358
1.563331042205391	0.010405518361990	0.001258707543129
1.563955482117308	0.013819312489204	0.001267122831128
1.564580989805108	0.014217340686995	0.001400990585256
1.565205429717025	0.013649731031283	0.001331974063226
1.565829869621666	0.011735596165183	0.001211286482963
1.566455377309467	0.010619682851453	0.001244179798965
1.567079817221384	0.010544896715490	0.001207254625123
1.567705324901908	0.012643527821706	0.001249924597854
1.568329764813825	0.013477918516949	0.001280595338267
1.568955272501626	0.012633282751644	0.001324545111678
1.569579712413542	0.013077437538814	0.001287285455744
1.570205220094067	0.013753427475993	0.001315235212089
1.570829660005984	0.013147742839598	0.001296577869087
1.571455167693784	0.011979504093292	0.001324414519761
1.572079607598425	0.014021955267785	0.001291759999141
1.572704047510342	0.010833933644686	0.001227311919715
1.573329555198143	0.011841602141287	0.001347439759970
1.573953995110060	0.012814318821762	0.001390294276084
1.574579502790584	0.012230281087434	0.001334306622232
1.575203942702501	0.011976894490225	0.001406890368386
1.575829450390302	0.012842119978875	0.001352728779019
1.576453890294943	0.010842332097207	0.001462753437656
1.577079397982743	0.013678853428182	0.001421020646916
1.577703837894660	0.014834944359026	0.001388330504941
1.580203733086819	0.012330576102015	0.001285422024830
1.580828172991460	0.012336926262833	0.001375151322711
1.581453680679260	0.013786458581149	0.001476437382879
1.582078120591177	0.012204092953704	0.001367984406082
1.582703628278978	0.010570066419461	0.001414871884090
1.583953575871419	0.011704699454406	0.001508540010080
1.584578015783336	0.014489938313696	0.001476405021600
1.585202455687977	0.011749298564803	0.001393650635676
1.585827963375777	0.011499280085461	0.001336418102683
1.586452403287694	0.012124388123340	0.001390690972975
1.587077910975495	0.012263925318654	0.001514514388901
1.587702350880136	0.010442012925623	0.001360862437643
1.588327858567936	0.011589151944878	0.001319102142262
1.588952298479853	0.013363672199737	0.001464997069724
1.589577806160378	0.014370632435318	0.001356330797501
1.590202246072295	0.012782694198623	0.001418533418652
1.591452193672012	0.011941811385899	0.001323707549075
1.592076633576653	0.013085973780625	0.001368919788605
1.592702141264454	0.014747454238771	0.001746773656342
1.593326581176370	0.011144575999017	0.001564451289450
1.593952088856895	0.013918811544589	0.001491791965770
1.594576528768812	0.012030211742782	0.001450147531802
1.595202036456612	0.011710224298313	0.001462843106828
1.595826476368529	0.011863724579868	0.001383973688974
1.597076423960971	0.012931565967941	0.001446259827145
1.598326371553412	0.013168664251736	0.001346707347442
1.598950811465329	0.013702047862601	0.001289356251255
1.599576319153130	0.010495654143206	0.001422148424778
1.600200759065046	0.010219603384918	0.001393881074962
1.600826266745571	0.013336308468377	0.001495563970175
1.601450706657488	0.012638893285637	0.001512799040958
1.602076214345288	0.012503909946508	0.001509729531737
1.602700654249929	0.013310214898752	0.001391660761182
1.603950601849647	0.011336400295337	0.001560909527897
1.605200549442088	0.012862655983701	0.001580135598096
1.605824989354005	0.012662185399406	0.001516336601659
1.606450497041806	0.014434230772297	0.001528309341145
1.607074936946447	0.011834248290475	0.001309423809838
1.607700444634247	0.013350868334840	0.001328335932406
1.608324884546164	0.010100255846948	0.001360639196534
1.608950392233965	0.012216445393495	0.001567756994827
1.609574832138605	0.011579643409123	0.001323625540526
1.610200339826406	0.012218030400276	0.001351397603598
1.610824779738323	0.010903100556634	0.001322113923981
1.611450287426123	0.014794310972316	0.001373976537427
1.612699167242681	0.011676101706004	0.001428806701970
1.613324674930482	0.012398281138200	0.001387815876056
1.613949114835123	0.012632539596767	0.001466227602367
1.614574622522923	0.013949298979580	0.001553998862117
1.615199062434840	0.013873104690903	0.001501636821873
1.615824570122641	0.011750127502231	0.001443464549799
1.616449010027281	0.011371724231689	0.001404518466026
1.617698957626999	0.011783238815375	0.001328367147387
1.618324465307523	0.011661645570123	0.001465717069523
1.618948905219440	0.011225822135612	0.001369482141703
1.619573345131357	0.012449776696387	0.001389926479657
1.620198852819158	0.011246118483654	0.001398951778218
1.620823292723799	0.010359847741632	0.001425316981071
1.621448800411599	0.013026393143352	0.001416894563888
1.622698748004041	0.011784964333439	0.001411415420489
1.624573135515675	0.014186064420945	0.001424279298466
1.625198643196200	0.009958012258490	0.001340100527338
1.625823083108116	0.013768515369369	0.001502579061210
1.626447523020033	0.012241427506523	0.001495886166513
