0.622194112074794	0.238777238777239	0.024449572490819
0.622819619755319	0.245028409090909	0.022888618560535
0.623444059667236	0.290005548070064	0.022935519298729
0.625943954859395	0.266867570734974	0.024189690963484
0.626569462547195	0.279664434943938	0.023690717953368
0.627819410139637	0.259560756380904	0.025198466903701
0.628443850051553	0.301339810389407	0.024056383702678
0.629693797643995	0.233418367346939	0.021293246015454
0.630943745243712	0.238185686065947	0.021834801990569
0.632818132748071	0.249089963598544	0.022521283954507
0.633443640428595	0.249090909090909	0.022579287958656
0.634068080340512	0.286681347361553	0.025752667511614
0.634692520252429	0.248729826658697	0.021756561097836
0.635318027940230	0.249621441550575	0.021652473007075
0.635942467844870	0.255073166787938	0.023125443804611
0.637192415444588	0.233494753833737	0.020692030352462
0.637817923125112	0.247523231702634	0.023254178770824
0.638442363037029	0.254436998306208	0.023509623993613
0.639067870724830	0.261050361928230	0.025604293898325
0.639692310636747	0.234461758910980	0.026693790594817
0.640317818317271	0.246971342635141	0.023380859078173
0.640942258229188	0.295079414512613	0.023494441825090
0.642192205821630	0.238729591422305	0.024618979003206
0.642816645733546	0.297384155455904	0.030748054530287
0.643442153421347	0.271504157218443	0.024285175248608
0.644066593333264	0.267074853397723	0.026176327102234
0.645316540925705	0.269480252894326	0.026143290988271
0.647191996205947	0.247830888152705	0.024593711178700
0.647816436117864	0.254575846218136	0.022578798508657
0.649066383710306	0.291555215896064	0.027961579989856
0.649690823622223	0.261721378897779	0.023348925753522
0.650316331310023	0.255170219535476	0.025361474607137
0.650940771214664	0.271940667490729	0.026049146206870
0.651566278902465	0.250550451750057	0.022093513420463
0.652190718814381	0.270395525369557	0.023630429233412
0.652816226502182	0.265520000000000	0.023992776138395
0.654066174094623	0.245871263997422	0.024361183569742
0.654690614006540	0.266651013539955	0.026351510943687
0.655315053911181	0.275517011340894	0.026607671691203
0.655940561598982	0.264970178926441	0.024898350738759
0.656565001510899	0.230156907768848	0.021925323313204
0.657190509198699	0.274063845341564	0.022335241713353
0.659064896703057	0.229416403785489	0.024405822153340
0.659690404390858	0.295760404511863	0.028660032689671
0.661564791895216	0.257991060133255	0.024973729089314
0.662189231799857	0.246020035722606	0.024203201586640
0.662814739487658	0.275776807055139	0.025601542487340
0.663439179399575	0.252156951009078	0.027279746518765
0.664064687087375	0.247309236947791	0.022303146336365
0.664689126992016	0.243088579027968	0.024132728573098
0.665314634679817	0.282959191545167	0.022653341087173
0.665939074591734	0.230668198982105	0.023637924378481
0.667189022184175	0.266977411258516	0.021928465596322
0.667814529871976	0.231174986621818	0.025013903294725
0.668438969783892	0.300538541917852	0.028024609671618
0.669688917376334	0.264602981442044	0.023596218840241
0.670938864968775	0.266040816326531	0.024019460781712
0.671563304880692	0.272394732563811	0.025424334670445
0.672188812568493	0.255746450145132	0.025628056940333
0.672813252480410	0.281408246925488	0.026790017699343
0.673438760160934	0.244839101396478	0.023983435117762
0.674063200072851	0.279128672745694	0.028352803350501
0.674688707760652	0.265969718817592	0.023909071756156
0.675313147665292	0.262555517594807	0.029103970247411
0.675937587577209	0.267195111881760	0.026071592844342
0.676563095265010	0.274081115335868	0.024446893692930
0.677187535176927	0.230947066326531	0.023587982502730
0.677813042857451	0.267820124382076	0.022977422458632
0.679687430361810	0.293134143509560	0.024447772031197
0.680312938049610	0.244691119691120	0.022590956949446
0.680937377961527	0.250058279586603	0.022367951345881
0.683437273153686	0.276132107592782	0.023634130248509
0.684061713058327	0.288713496448303	0.023327126038995
0.685937168345845	0.263814043271938	0.025482175194628
0.687187115938286	0.267062314540059	0.024126005209671
0.687811563315336	0.258505154639175	0.024435504580727
0.689061510907777	0.260389397905759	0.024062185091654
0.690311458507495	0.231313681263125	0.022336277737960
0.690935898419411	0.298492871690428	0.024550452478892
0.691561406099936	0.283845374746793	0.026747819608814
0.692185846011853	0.248073102900278	0.023253377380002
0.692811353699653	0.254177512805441	0.023752103900712
0.693435793604294	0.227797807372526	0.022000709467056
0.694061301292095	0.244027303754266	0.024475960768976
0.694685741204012	0.285215543412265	0.026600100468776
0.695311248891812	0.296081049242127	0.026172154922501
0.695935688796453	0.269024135995510	0.023317482602207
0.696560128708370	0.284891165172855	0.026201627464231
0.697185636396171	0.265420018844676	0.024912759134379
0.698435583988612	0.234964924726098	0.023900622207599
0.699685531588329	0.255237347979600	0.025908236725034
0.700309971492970	0.242852579460150	0.022658288824926
0.700935479180771	0.267429361179361	0.023970027515102
0.701559919092688	0.241536250399233	0.025880285500673
0.702185426773212	0.271014602405992	0.025758382565393
0.702809866685129	0.238179054324346	0.025004932807123
0.703434306597046	0.270205963268644	0.025684695714302
0.704059814284847	0.273330760324199	0.026359428932549
0.704684254189488	0.231523975312549	0.024986063305501
0.705309761877288	0.277882654987541	0.025120602519237
0.705934201789205	0.301398865784499	0.027062340605834
0.707184149381646	0.267630201844007	0.024402920061508
0.709058536886005	0.282747603833866	0.024977517825694
0.710308484485722	0.236648321835517	0.028039192800630
0.710933992166247	0.262755659072713	0.025558059631004
0.711558432078164	0.291176008792589	0.027731847267850
0.712183939765964	0.266470868391808	0.024013606647393
0.713433887358406	0.265321375186846	0.021940687741643
0.714058327270322	0.241384699538954	0.024301376300989
0.714683834958123	0.235969174066008	0.024894405238851
0.716558222462481	0.284146802875520	0.024309120278842
0.717182662374398	0.249184132279353	0.025844397434403
0.717808170054923	0.277143936531923	0.023731333901422
0.718432609966840	0.264202123537162	0.025476335235480
0.719058117654640	0.269629288510246	0.028208910416594
0.720932505158999	0.228140106861165	0.022555022851194
0.724056840255798	0.243577260130327	0.023476448812942
0.724682347943599	0.276237547300950	0.024545098521727
0.725932295543316	0.239913932221625	0.025946515493581
0.727182243135758	0.231103816167419	0.024571311859931
0.727806683047675	0.251870734314612	0.024690295359977
0.728432190728199	0.238848802886192	0.024405214041056
0.730306578239833	0.234003251071376	0.021806542220574
0.730931018144474	0.242773243841050	0.023764752395669
0.731556525832275	0.249673430288252	0.026638527745517
0.732180965744192	0.237326294542349	0.023470479285087
0.732806473424716	0.251222120378857	0.022754398333494
0.733430913336633	0.274858255056275	0.030969536760124
0.734680860936351	0.285824523497183	0.025683192564053
0.735306368616875	0.238235763279630	0.022110065313869
0.735930808528792	0.260682658412862	0.024162964385804
0.736555248440709	0.227937195452084	0.023381244447775
0.737180756121234	0.251144797094584	0.022948582822844
0.737805196033150	0.247481108312343	0.022598653786495
0.738430703720951	0.264856355765447	0.025672956134559
0.739680651313392	0.280642896153546	0.026027929727117
0.740930598913110	0.275148156699761	0.025040525826164
0.742804986417468	0.300518134715026	0.024765688532683
0.744054934009910	0.293704710144928	0.028167589006562
0.744679373921826	0.257053556343977	0.024991396969066
0.745304881609627	0.277111178614824	0.024402046433853
0.746554829202069	0.284967320261438	0.029739563029057
0.747804776801786	0.268710550045086	0.024545125535966
0.749054724394227	0.248967827373997	0.024436070153156
0.749679164306144	0.235358855435893	0.022106519975121
0.750303604210785	0.248190685966016	0.023917766423009
0.750929111898586	0.287075393537697	0.027157132638655
0.752179059498303	0.251984614125542	0.024715494267951
0.753429007090745	0.264834033114157	0.024501995353030
0.754678954690462	0.238091482649842	0.023179890877812
0.755303394595103	0.229303392108800	0.024863338488413
0.755928902282903	0.257437070938215	0.025736732170870
0.757177782099461	0.301087892306488	0.026930856706362
0.758427729699179	0.286884624137146	0.026044747652527
0.759053237386979	0.278624689312345	0.029679926502875
0.759677677291620	0.246891513832763	0.023840329633332
0.760303184979421	0.228358793576185	0.023398087808890
0.761553132571862	0.269081500646831	0.024666603330760
0.762177572483779	0.297541836816398	0.025029377375002
0.762802012395696	0.258487654320988	0.023182070794019
0.763427520083496	0.272696158124412	0.027720802219244
0.764051959988137	0.268096313017306	0.027843348438286
0.765301907587855	0.250538234590543	0.025495439091802
0.766551855180296	0.246652895723357	0.023955768074448
0.767177362868097	0.252002855556437	0.024471136742101
0.767801802780014	0.249633911368015	0.022870210452575
0.768427310460538	0.228955502839480	0.021954903621312
0.769051750372455	0.240851063829787	0.025168003369596
0.769676190284372	0.271092777085928	0.028122564044938
0.770301697964896	0.270035618878005	0.029445283204443
0.770926137876813	0.289599124794874	0.030107491169665
0.771551645564614	0.298951612903226	0.032741974664473
0.772176085476531	0.274985652209560	0.025965040338904
0.772801593157055	0.275444782817759	0.024519455061214
0.773426033068972	0.264102357769373	0.025420540699716
0.774051540756773	0.262943928817980	0.026944912918305
0.774675980661414	0.284263546998131	0.030358421406210
0.775301488349214	0.288502542233885	0.025763754353486
0.776550368173048	0.269883824843610	0.026399618494460
0.777800315765489	0.256984166459421	0.028559443254801
0.779050263357931	0.235193426908593	0.024913627106564
0.780300210957648	0.256220183486239	0.024975412693051
0.781550158550090	0.267917196024213	0.028424346288132
0.782800106149807	0.228661344795824	0.025286230998077
0.783424546054448	0.293521375055090	0.028830078110240
0.784050053742249	0.278966676857230	0.025915753523407
0.784674493654165	0.285434151698172	0.026549914254236
0.785924441246607	0.243630186847852	0.024101167528016
0.786549948934407	0.264019774447706	0.024488679970353
0.787174388846324	0.263551104752822	0.026365455329586
0.788424336438766	0.240805884234090	0.023058272583219
0.789049844126566	0.263190661478599	0.025286796326057
0.789674284038483	0.241475081006018	0.025301465051719
0.790298723943124	0.239367548828951	0.024391043843041
0.790924231630925	0.285790802662790	0.030706615104475
0.792174179223366	0.236035450036588	0.023307951388618
0.792798619135283	0.252070052026086	0.024020074629405
0.794048574200133	0.300539291217257	0.028812590898499
0.794674074415525	0.278432864206923	0.026331315669619
0.795298521792574	0.278866258808952	0.027747236923109
0.795924022015242	0.273683365446371	0.026271844060950
0.796548469392292	0.241892317380353	0.023594874663669
0.797172909296933	0.279703159666437	0.024198111697685
0.799048364584451	0.256879287234881	0.021856339301550
0.800922752088809	0.230966767371601	0.022059394968593
0.802172699681250	0.234163064540170	0.021611961016871
0.802798207369051	0.271607978330460	0.024576509116185
0.804047087185609	0.272689563630330	0.025036522364667
0.804672594873409	0.240240691989470	0.020596381797450
0.805297034785326	0.266264447190521	0.022609276470795
0.805922542465851	0.266492323266408	0.023771794265567
0.806546982377768	0.243690724963832	0.024072677396428
0.807796929977485	0.254353478843275	0.027396562465687
0.809046877569926	0.275851272015656	0.027230859922959
0.809672385257727	0.246383397712641	0.022974705140596
0.810921265074285	0.279459711224965	0.024353761872703
0.811546772762085	0.244644040344548	0.023522213080000
0.812171212674002	0.267357246811061	0.025391328885077
0.812796720354527	0.255498741985228	0.024196892538856
0.813421160266444	0.271211868644774	0.021880720925195
0.814046667954244	0.249747376603187	0.024378131459361
0.817795442962961	0.255393586005831	0.028549656229647
0.818420950650761	0.231438175971938	0.022589920815325
0.819045390555402	0.245892829725165	0.021872909588525
0.819670898243203	0.266123452994081	0.026581022799215
0.821545285747561	0.300023792529146	0.027220206042820
0.822170793435362	0.249845440494590	0.023935807552967
0.822795233347279	0.273502268105741	0.024479725759154
0.823420741027803	0.229584844820637	0.025227302626175
0.824045180939720	0.228587680806111	0.023830289572497
0.824669620851637	0.257543268494410	0.024578976509487
0.825295128539437	0.261929093624715	0.025575626276439
0.826545076131879	0.234934046038452	0.026060818911816
0.827169516043796	0.245909567179818	0.022914191642626
0.828419463636237	0.269792229860199	0.025791391298866
0.829044971324038	0.276273947103079	0.028432015186397
0.829669411235955	0.295973505316367	0.030418615756136
0.830294918916479	0.247303885359728	0.022104016174011
0.830919358828396	0.232817236012124	0.022342100526624
0.832169306420838	0.229442379182156	0.022031944952488
0.832793746332754	0.266631227217497	0.024641297852682
0.833419254020555	0.242357913804815	0.025490671122331
0.834043693932472	0.240212700369914	0.024024139177856
0.834669201612996	0.290643191821667	0.034192193646680
0.837169096805155	0.292880995749848	0.026562123817713
0.837793536717072	0.245933694782686	0.025351708006491
0.838417976628989	0.271363447990054	0.025611527407230
0.839667924221430	0.288727090133066	0.025785647922349
0.840293431909231	0.284991430670040	0.029653624924983
0.840917871821148	0.239520012631247	0.028439231615353
0.841543379501672	0.276765375854214	0.030192840977146
0.844042206917948	0.295817612587300	0.030169491253739
0.844667714605748	0.238987533056290	0.025108636827482
0.845292154517665	0.287626927416322	0.027480169563018
0.845917662198190	0.296988749172733	0.027592225700762
0.847167609797907	0.247945830797322	0.025225632506003
0.847792049702548	0.297506448839209	0.027723501900455
0.848417557390349	0.261102384692275	0.025212078680678
0.849667504990066	0.296405750798722	0.027551621852343
0.850291944894707	0.233553943066741	0.023469635062700
0.850916384806624	0.279322363621626	0.025771665186456
0.851541892494424	0.260822677553536	0.023177001418258
0.852166332399065	0.251387528566765	0.028577335035772
0.852791840086866	0.271119842829077	0.026832967158340
0.854041787686583	0.279065788348019	0.026029443302166
0.854666227591224	0.285367892976589	0.027540291724972
0.855291735279025	0.256956964803637	0.030997187031570
0.855916175190941	0.277154976518709	0.025174610202722
0.856541682871466	0.231067193675889	0.022350080737350
0.857166122783383	0.284448745626442	0.027052617643711
0.857790562695300	0.272432616854316	0.025738612409216
0.858416070383100	0.254479242534596	0.023752806897945
0.859040510287741	0.274519116599383	0.024889194253555
0.859666017975542	0.270450328891887	0.025223835641868
0.860290457887459	0.256312640820449	0.025278785399017
0.860915965567983	0.275805525949004	0.025946806661319
0.861540405479900	0.294792239415600	0.026795722334803
0.862165913167701	0.256869861491741	0.023615666859947
0.863415860760142	0.287783022641811	0.029463531170882
0.864040300672059	0.238149350649351	0.024701754895153
0.864664740583976	0.239855725879170	0.024506884342169
0.865290248264500	0.253213274272021	0.025337877905524
0.866540195864218	0.280224559183996	0.024577071891281
0.867164635776135	0.239893241227726	0.023580816688256
0.867790143456659	0.270379338175948	0.028896428474391
0.869040091056377	0.229475251209527	0.023290446938055
0.869664530961018	0.282046849338750	0.026089433250190
0.870290038648818	0.231005248284215	0.021368804148448
0.871538918472652	0.286156225831400	0.025575383723971
0.872788866065093	0.234098806466234	0.022148080424339
0.874038813657535	0.245033643063121	0.026521234401613
0.874664321345335	0.265909444530885	0.025471966614466
0.875288761257252	0.287889013873266	0.024510796484543
0.875914268945053	0.278925143953935	0.026367494617713
0.877164216537494	0.266341923318668	0.024877324185328
0.877788656449411	0.257608094221801	0.025340114984631
0.878413096354052	0.298290108811258	0.026162364660679
0.879663043953769	0.267159949622166	0.022162354188630
0.880912991546211	0.235303123086344	0.023744244079137
0.881538499234011	0.245308961501132	0.023372880636220
0.882162939145928	0.295304811942290	0.025386138725158
0.882788446826453	0.228047676523838	0.022203454855277
0.883412886738370	0.281818181818182	0.024506180061799
0.884038394426170	0.239619446908006	0.025349486005166
0.884662834338087	0.246416438810175	0.024156282713877
0.885912781930529	0.266964076074196	0.025851976649845
0.886537221842445	0.244893378226712	0.024418851885990
0.887162729522970	0.267814772292384	0.025084664494438
0.887787169434887	0.251960229569154	0.023593991130258
0.889037117034604	0.229638927859411	0.020713926136720
0.889662624715129	0.286133122028526	0.027318237060270
0.890287064627046	0.298815822625346	0.027167292171082
0.890911504538963	0.260933660933661	0.025212898774550
0.891537012219487	0.236405862096580	0.023689259827445
0.892161452131404	0.263630731102850	0.028289218313713
0.892786959819205	0.261415782742797	0.024537094141888
0.893411399731121	0.246013667425968	0.023587443753801
0.894661347323563	0.279255531591980	0.026742639632337
0.896536802603805	0.241350146086422	0.021615534373590
0.898411190108163	0.235719024102602	0.028598000072488
0.899035630020080	0.291446274746864	0.029906734615073
0.899661137707881	0.296846710923355	0.030592100024119
0.900911085300322	0.243611177454024	0.025076456529657
0.901535532677372	0.228356031128405	0.022641224739913
0.902161032900040	0.268414849734826	0.024646624191947
0.903410980492481	0.290310623470976	0.026123577764044
0.904659867781447	0.240889812169999	0.026135133454896
0.905285375461972	0.229627264745790	0.024977972639592
0.905909815373889	0.282410320956576	0.026444739643665
0.909035218253848	0.243954774284064	0.021776434758273
0.909659658158489	0.284398748323648	0.025707971520442
0.910909605758206	0.264037380216995	0.023015829285211
0.911534045670123	0.270510806970309	0.024517746241935
0.912159553350648	0.266018929558590	0.028442708349979
0.913409500950365	0.234107776702162	0.024042207442478
0.914033940855006	0.278786908858126	0.025190405635619
0.914659448542807	0.231390476190476	0.021196460537514
0.915283888454724	0.250297265160523	0.024309786286803
0.917159343734966	0.269236934915037	0.027201556158362
0.917783783646883	0.297249706523562	0.026215796861710
0.919033731239324	0.249120612835144	0.024882712763243
0.920908118743682	0.229426229508197	0.022545283714141
0.922158066343400	0.249405422546377	0.023863646864953
0.922783574031200	0.238006179866645	0.023654620806011
0.924033521623642	0.293899873790492	0.024905155052358
0.925907909128000	0.229763284224466	0.023513505840146
0.926532349039917	0.240677691309987	0.024744717259032
0.927782296632358	0.230926860025221	0.022432541930004
0.930907699512318	0.294855603266818	0.027193994115535
0.931532139424235	0.291062801932367	0.029659457447535
0.932782087016676	0.231556056701031	0.026652149160599
0.933406526928593	0.272101418856519	0.029742872647841
0.934032034609118	0.295354248575784	0.027803799553183
0.934656474521034	0.256734559789750	0.027529661608010
0.935281982208835	0.265514592933948	0.025314134947367
0.935906422120752	0.236880000000000	0.027771224864611
0.936531929801276	0.235672602124794	0.028148768101498
0.937781877400994	0.243438219493477	0.022449226918493
0.938406317305635	0.245565045992116	0.025266689511586
0.940280704817269	0.232736378813173	0.024785057427188
0.940906212497794	0.254384527126701	0.025181643781705
0.941530652409710	0.248907922912206	0.025670992604559
0.942780600002152	0.259910878918254	0.024585425571449
0.943406107689952	0.255533036076206	0.025736716105682
0.944656055289670	0.292751363990647	0.028585305093637
0.945280495194311	0.286253776435045	0.027724788074277
0.948404830298387	0.279890268993370	0.029306873133403
0.950904725490545	0.247174928431520	0.024231754576815
0.951530233171070	0.293598601515025	0.029675519928704
0.954029060587345	0.271629492825685	0.024680797129548
0.954654568275146	0.283687368250365	0.031712227319370
0.955279008187063	0.244439071566731	0.027103007741448
0.955904515867587	0.290553013885545	0.029105385442129
0.957154463467305	0.237339500757636	0.026504360236686
0.957778903379221	0.297430113590591	0.028434315909953
0.958404411059746	0.285094931977874	0.030234803443128
0.960278798564104	0.289506656225529	0.030392817696095
0.960903238476021	0.271375464684015	0.029454087521648
0.961528746163822	0.262371221077521	0.027138547501926
0.962153186075739	0.279698508930034	0.025195631454119
0.962778693756263	0.244756970145571	0.029882747760019
0.963403133668180	0.250464787684985	0.027839525220800
0.964028641355981	0.250494188345062	0.031627009918744
0.965277521172538	0.283914492400228	0.026756229064683
0.965903028860339	0.290717470612079	0.030083294984535
0.966527468772256	0.293107485754430	0.036765174281179
0.967777416364697	0.266270838090888	0.029863535439644
0.970277311556856	0.257881513899019	0.028733152820540
0.970902819244657	0.261370916079436	0.028471954987958
0.971527259149298	0.252878323531848	0.026761424867234
0.972777206749015	0.279512195121951	0.030023089396297
0.974027154341456	0.284526703787938	0.027141399556979
0.974651594253373	0.254005502508497	0.024315872520648
0.975277101941174	0.289318688315823	0.027668351188969
0.975901541845815	0.285259644492742	0.025799169551556
0.976527049533615	0.296530467082905	0.030727255016971
0.977151489445532	0.274950916230366	0.026818341261294
0.977776997126057	0.256791931023263	0.025344839368345
0.979025876949891	0.294619114656656	0.028561022555547
0.979651384637691	0.267010718539103	0.028044421235015
0.980275824542332	0.285191956124314	0.030858212009987
0.980901332230133	0.248390823568246	0.023562291595858
0.981525772142049	0.245589492500194	0.023305049245892
0.982151279822574	0.256612353164077	0.025546804958345
0.983401227422291	0.272078076648417	0.024116954079421
0.984025667334208	0.247030497592295	0.023403405920991
0.984651175014733	0.270990488684815	0.026426256865532
0.985900054838567	0.244123886296139	0.023887517238619
0.986525562519091	0.253236707108542	0.025311690930440
0.987150002431008	0.286165876382996	0.028970141815454
0.988399950030725	0.237862984917836	0.025440427236461
0.989025457711250	0.287269750307000	0.029296206851061
0.989649897623167	0.296539820826827	0.026980404762744
0.990275405310967	0.286698941495036	0.028046736702650
0.990899845215608	0.274727838258165	0.026659484878512
0.991525352903409	0.275545350172216	0.027592994870594
0.992149792815326	0.234843038581356	0.026246063183202
0.993399740407767	0.268453976764969	0.028518055298249
0.994649688007485	0.297862381026681	0.030038428712749
0.995274127912126	0.275402150189960	0.027634179044292
0.995899635599926	0.239537444933921	0.026132507750410
0.997149583199644	0.275618374558304	0.025087617248959
0.999023970704002	0.286514469999151	0.033217892402524
1.000273918296443	0.275912766478804	0.024120315740785
1.000898358208360	0.296892081836639	0.029544484115256
1.001523865896161	0.265705868301616	0.032306114969052
1.002148305800802	0.231204670086680	0.024513318944616
1.002773813488602	0.231525647611360	0.024822516788793
1.003398253400519	0.281685960225586	0.027362667209065
1.004023761088320	0.284119313447759	0.026949719179929
1.004648200992960	0.296972729547160	0.029204444024053
1.005273708680761	0.243717437940546	0.024145060910478
1.005898148592678	0.286834869804302	0.025641895419563
1.006522588497319	0.244347968545216	0.025732655601373
1.007148096185119	0.274641954507161	0.026684329308840
1.007772536097036	0.256873204759951	0.028109224094770
1.008398043784837	0.254188865724654	0.028566817954449
1.009022483689478	0.259054582553987	0.027116088551130
1.010272438754328	0.267574761233756	0.028927340323213
1.010897938969720	0.245358306188925	0.031482488772130
1.011522386346769	0.287301329873500	0.029542242400399
1.012147886569437	0.238720398836726	0.028154353620546
1.012772333946486	0.280488730363512	0.028321650655703
1.013396773851127	0.274793710104313	0.030891275559151
1.014022281538928	0.251035752646923	0.026831473895680
1.014646721450845	0.250153233220962	0.028188982494726
1.015272229138645	0.285780994629932	0.029105685640768
1.016522176731087	0.286701208981002	0.033859304722257
1.017146616643004	0.255627404436441	0.030376295633670
1.017772124330804	0.236207733376476	0.028348514840842
1.018396564235445	0.288289764811932	0.029149236960621
1.019646511835163	0.290522516868037	0.031138050736207
1.020896459427604	0.263747954173486	0.030998514025792
1.021520899339521	0.249851228428122	0.030794197959161
1.022770846931962	0.257952069716776	0.027492867068068
1.023396354619763	0.295318227257581	0.028675157201551
1.024646302212204	0.256501372960749	0.027902664474044
1.025270742124121	0.245308101345011	0.026691764034187
1.025895182036038	0.261649041639128	0.028720836930524
1.026520689723839	0.264894058994599	0.028383112215010
1.027770637316280	0.276309504855915	0.027009316448470
1.028395077228197	0.240557148709545	0.026418935934896
1.029020584908722	0.243599429194997	0.025322008203617
1.029645024820638	0.252558329922227	0.025364746768285
1.030270532508439	0.288265960174344	0.027243386751436
1.030894972420356	0.264683271832718	0.024590684110042
1.031520480100880	0.241387715307117	0.025531946201135
1.032144920012797	0.252949916965300	0.025821125219498
1.032769359924714	0.253353093738422	0.026459134992325
1.033394867605239	0.283804098425508	0.028875030937933
1.034019307517156	0.237491824722041	0.027390822842241
1.034644815204956	0.250497164322015	0.029568060696669
1.037144710397115	0.241980360065466	0.025703984364950
1.037769150301756	0.271067089685058	0.027983988356431
1.039019097901473	0.252396972245585	0.027662948853043
1.040269045493915	0.243170480639797	0.025588296791227
1.040893485405832	0.285314455054330	0.025736950279995
1.041518993093632	0.258329189457981	0.026199712891841
1.042143432998273	0.285942237115047	0.024349217548897
1.042768940686074	0.263974622770919	0.027879065659956
1.043393380597990	0.268981620970172	0.027252530632587
1.044643328190432	0.250277706570965	0.026432225475427
1.045268835878232	0.233770718232044	0.021655406988866
1.045893275790149	0.250041030690957	0.025407759753960
1.046517715694790	0.248071056881392	0.025886197612373
1.047143223382591	0.264484479404550	0.024403554859593
1.047767663294508	0.271942069446868	0.026180652006754
1.048393170982308	0.273309294282140	0.026428111198558
1.049643118574750	0.241837346816351	0.027620801435961
1.050267558486667	0.271980953944668	0.026508145666907
1.052143013766909	0.257113661373998	0.025012217300295
1.052767453678825	0.291703209963164	0.027677228918009
1.053391893583466	0.286025013594345	0.027535375093577
1.054641841183184	0.262193671187247	0.025698983639768
1.055267348863708	0.254114388137526	0.024936520149315
1.055891788775625	0.275665554017748	0.028558289497947
1.057767244055867	0.283349295389246	0.032807470802536
1.060891579159943	0.262044270833333	0.032211123450923
1.062141526752384	0.293846386452979	0.027970802286222
1.064641421944543	0.277728122206874	0.027674408418702
1.065265861856460	0.274606455716330	0.027940099169222
1.065891369544261	0.269317915462145	0.027636351957640
1.067140249360818	0.261259676284307	0.027118438032463
1.068390196953260	0.252953498114788	0.024784180836669
1.069015704641060	0.267878123286598	0.025550372772683
1.071515599833219	0.230749552315170	0.024409371008675
1.072140039745136	0.252370203160271	0.027718489248958
1.072765547425661	0.271347417006923	0.029818210257720
1.074014427249494	0.279416558018253	0.026657437165579
1.075264374841936	0.243644561921791	0.026692025900987
1.075889882529736	0.245945520390490	0.028876108071781
1.077764270034095	0.277756981358089	0.028695637019882
1.078389777721895	0.296320363902201	0.028453492224150
1.079014217633812	0.284693620240397	0.029327625236315
1.079639725314337	0.236705627370540	0.024592272028767
1.080264165226254	0.232700847799758	0.026049382204811
1.082138552730612	0.277768742885022	0.030132362317975
1.082764060418413	0.283902976846748	0.028449082660071
1.083388500330329	0.298652334349431	0.027591087322813
1.084014008010854	0.266795269646901	0.025304572118092
1.084638447922771	0.255663965602778	0.025104984253087
1.085263955610571	0.232145564821835	0.024537681261931
1.085888395515212	0.266026520347508	0.026157691268643
1.087762783026847	0.262909036325428	0.031472972995588
1.088388290707371	0.291459781529295	0.029385125310817
1.089012730619288	0.244934820166483	0.024050004902621
1.090262678219005	0.251869918699187	0.025620171280534
1.090888185899530	0.246424733404976	0.026526009272618
1.091512625811447	0.257036391025133	0.025893862748168
1.093387013315805	0.274917677294996	0.025919265052889
1.094012521003606	0.291053320248610	0.026151660371668
1.094636960915523	0.235955056179775	0.025629765357388
1.095262468596047	0.257180806906857	0.025483326310331
1.096512416195765	0.272100153295861	0.027053101729105
1.097136856100406	0.234359330401913	0.024585041029604
1.097762363788206	0.267169316505491	0.025969906245381
1.098386803700123	0.282024711040255	0.027134626338163
1.099636751292564	0.254082457558610	0.024869438828518
1.100886698892282	0.259513138237103	0.026726870376301
1.102136646484723	0.284083496412263	0.026573975665891
1.102761086396640	0.256707036639583	0.025079910433663
1.103386594084441	0.237055328343236	0.024841347939777
1.104011033989082	0.232390370430413	0.024366410465717
1.104636541676882	0.245222929936306	0.024947130507716
1.105260981588799	0.262559241706161	0.025664729289894
1.106510929181240	0.259406713505074	0.024811741416169
1.107760876780958	0.253860699653325	0.022565092726275
1.108385316685599	0.246551450768987	0.026056989565185
1.109010824373399	0.279977003942181	0.027449239874469
1.110260771965841	0.265258636119563	0.027677127964658
1.110885211877758	0.256437857083713	0.024733555007325
1.111510719565558	0.245616566851865	0.025340378494238
1.112135159477475	0.262766565895907	0.029527239668273
1.112760667158000	0.270818130219736	0.027275638194911
1.113385107069917	0.277432872885302	0.030666944034153
1.114009546981833	0.265920826161790	0.028619120219110
1.115259494574275	0.234058268362741	0.026331222644897
1.117134949854517	0.247589162712383	0.028398117820308
1.117759397231566	0.276349714821470	0.028007583339983
1.120259292423725	0.242010226909556	0.025228703577459
1.121509240023443	0.259587955625991	0.027236466147059
1.122133679928083	0.299541395124306	0.026955276594614
1.123383627527801	0.298263109781434	0.030692799528764
1.124009135208325	0.228710663252664	0.024678363932558
1.125259082808043	0.274260180423236	0.025577725221599
1.125883522719960	0.245830190260666	0.027136797538076
1.126509030400484	0.249631297058139	0.026459397825646
1.128383417904843	0.251730844029560	0.025633605903896
1.129633365504560	0.243955512572534	0.029326073516588
1.130257805416477	0.264579872344146	0.030822855410126
1.130883313097002	0.235521845619025	0.026290120485387
1.131507753008918	0.282925682031985	0.026584944766550
1.132133260696719	0.291878768893414	0.025194027523182
1.132757700601360	0.252103388160388	0.024295701157638
1.133383208289160	0.238815682446722	0.024792696925319
1.134007648201077	0.241874108133820	0.025239485386334
1.134632088112994	0.268514617912208	0.028042772145961
1.135257595793519	0.237771961393751	0.028274474312653
1.136507543393236	0.258028980594865	0.025561207388090
1.137757490985678	0.258497316636851	0.023704250121019
1.138381930897594	0.250558784085829	0.024179664845445
1.139007438585395	0.298747906531621	0.025257470457099
1.139631878490036	0.229575680810640	0.022766555867446
1.141506265994394	0.252879078694818	0.024497532648861
1.142756213594112	0.233492381098969	0.024348767420901
1.144006161186553	0.286784247402754	0.024823583379585
1.144631668874354	0.262869932852524	0.024531618802406
1.145881616466795	0.238214369478540	0.022302432155495
1.147130496290629	0.240513191181785	0.025463899150924
1.147756003978429	0.229513496040084	0.025946325837770
1.148380443883070	0.246405435297835	0.024015908764896
1.149005951570871	0.255742464349757	0.025764145551915
1.149630391482788	0.260133630289532	0.025913134768167
1.150255899163312	0.258103434408429	0.023983518337256
1.150880339075229	0.244002907681124	0.023394817900333
1.152755794355471	0.269400352733686	0.026882714086097
1.153380234267388	0.236202174454312	0.025576239767398
1.154004674179305	0.295574795574796	0.028424550296900
1.155254621771746	0.300090811524808	0.033013046176279
1.155880129459547	0.290137328339576	0.028862300603182
1.157130077051988	0.262156797882898	0.025374074257983
1.157754516963905	0.250448833034111	0.022329014514108
1.158380024651706	0.257966128902801	0.025090237902652
1.159629972244147	0.255172971225348	0.025656313139980
1.160878852067981	0.296729175752290	0.028953539033154
1.161504359748506	0.261186525892408	0.027038236402728
1.162128799660422	0.277608498723544	0.029897424711870
1.162754307348223	0.241476384110103	0.026050007213859
1.164004254940664	0.246506337341566	0.028055255200643
1.164628694852581	0.239341393573019	0.027036430495255
1.165254202540382	0.241153846153846	0.028150039196951
1.167753029949381	0.253004622496148	0.030744441739719
1.168378537637182	0.243370984538973	0.027416670405940
1.169002977549098	0.289139864146002	0.028184621458029
1.169628485236899	0.246076325788865	0.026972486244054
1.170252925141540	0.250301908058932	0.027834997026306
1.172128380429058	0.235018495684340	0.025027927695322
1.172752820333699	0.252206299085094	0.024453434508186
1.174627207838057	0.245127244871904	0.026144386412426
1.175252715525858	0.240862306507821	0.026340591496681
1.175877155437774	0.230701054684038	0.025322618962873
1.176502663125575	0.253925698965913	0.024060224204066
1.177127103030216	0.257473634128935	0.026449122689743
1.177752610718017	0.272812208034880	0.027028102762849
1.179626998222375	0.243669537044931	0.027759316838381
1.180876945822092	0.233322966879179	0.023440007125934
1.181501385726733	0.258329270274663	0.025231492801770
1.182126893414534	0.271945337620579	0.025715605096972
1.182751333326451	0.250688055358968	0.026109240926695
1.183376841006975	0.274863157894737	0.025617822193463
1.184626788606693	0.289171252832632	0.028094018964519
1.185876736199134	0.281432339541204	0.029518365193801
1.186501176111051	0.282092183695743	0.027860109235673
1.187126683798851	0.271628962944944	0.025478947731564
1.187751123703492	0.241189683215862	0.022642903385394
1.188375563615409	0.274513054289266	0.027388632252193
1.189001071303210	0.256223033521407	0.029105532600245
1.190251018895651	0.260169022983966	0.032557775810374
1.190875458807568	0.289315022609278	0.029389218705984
1.191500966495369	0.268323671881204	0.026378314384281
1.194000861687528	0.273234052719599	0.027216930226167
1.195249741504085	0.239279308658079	0.024936956817629
1.196499689096527	0.274848607186112	0.029374257008593
1.197125196784327	0.278704220856938	0.027211656470264
1.198375144384045	0.268557395230928	0.026393062387186
1.199625091976486	0.263631976837703	0.024800264210802
1.200249531888403	0.261036304755412	0.026994365359281
1.200875039568928	0.255307172724349	0.026111657920941
1.201499479480844	0.267787026857233	0.027671309131114
1.202123919392761	0.300751879699248	0.027461929288721
1.202749427080562	0.233408374606033	0.027321185678533
1.203373866985203	0.280946345585129	0.027226667589649
1.203999374673003	0.292976424361493	0.026809396603450
1.205873762177362	0.233144882288415	0.024907022775138
1.206499269865162	0.283332016122659	0.026070735021419
1.207123709777079	0.287122365574165	0.028038369889917
1.207749217457604	0.259292498691197	0.024293549590979
1.208373657369521	0.250472512120963	0.027011711542401
1.208998097281437	0.249130669963681	0.025342389250732
1.209623604961962	0.239239568759773	0.022962431327659
1.210248044873879	0.247624076029567	0.023800161046853
1.210873552561679	0.261920260374288	0.026808453852604
1.212123500154121	0.275045815516188	0.030294208489533
1.212747940066038	0.298053892215569	0.033093697791550
1.213997887658479	0.278351327921822	0.025476548040197
1.215872275170113	0.292327614114600	0.033234107155945
1.218372170354996	0.266116352201258	0.030022445183909
1.218997678042797	0.288130404836611	0.029013904429496
1.219622117954714	0.254069474744085	0.031079031661753
1.220247625642514	0.294772055391318	0.029869345516333
1.221496505459072	0.253689890493572	0.028413174328190
1.222122013146873	0.259768849752339	0.030131776735229
1.222746453051514	0.273756208777787	0.027689690983227
1.224621908339032	0.287235841081995	0.029554259301179
1.225246348243672	0.272408026755853	0.027061095670222
1.227121803523914	0.282080362929358	0.027240683056738
1.227746250900964	0.228606356968215	0.026435768017226
1.228370690812881	0.250769230769231	0.028657889109343
1.229620638412598	0.289966219300648	0.030079557188057
1.230246146093123	0.237107667858562	0.029021904582569
1.231496093692840	0.264057689191379	0.036136007177079
1.232120533597481	0.282879632666448	0.033616468928507
1.233995988884999	0.274000323781771	0.030620163684389
1.235244868701557	0.244678433452011	0.025419682574812
1.236494816293998	0.247386481525816	0.024801289395184
1.237120323981799	0.271446972949764	0.028351935794140
1.237744763893716	0.300686982561212	0.030184493485752
1.238370271581516	0.255993878592076	0.028986945585094
1.239620219173958	0.276286988244832	0.024902563902594
1.240244659085874	0.257012953590118	0.027813529154611
1.240870166766399	0.235859038007650	0.026607964392350
1.241494606678316	0.252238567316917	0.024666943840060
1.242119046590233	0.257479235545521	0.024391559506859
1.242744554278033	0.255496231155779	0.028107302744786
1.243368994182674	0.237916700627598	0.026447037382334
1.243994501870475	0.250340506673931	0.028783100936000
1.244618941782392	0.293709290366815	0.028290657342853
1.245244449462916	0.230731061859080	0.025869168754958
1.245868889374833	0.268282662284306	0.028433676419288
1.246494397062634	0.285368297978954	0.030740770130167
1.247744344655075	0.262659210935073	0.030618166727734
1.248993224478909	0.264770757838349	0.034939775682910
1.249618732159433	0.285539127298954	0.028440382456716
1.250868679759151	0.277791656257807	0.028147278904250
1.251493119671068	0.254584442472641	0.027235190899017
1.252743067263509	0.267335403232227	0.028484102541944
1.253368574951310	0.249100647533776	0.027693314475547
1.254618522543751	0.262661596958175	0.027852380493060
1.255242962455668	0.228991917035230	0.026023199153691
1.255867402367585	0.247649150533386	0.025861079902931
1.256492910048109	0.256884910097868	0.026410521478315
1.257117349960026	0.230326606694222	0.026489230358167
1.257742857647827	0.255827603555257	0.029753920596310
1.258367297552468	0.270432692307692	0.029093330646263
1.259617245152185	0.290884718498660	0.026688491052940
1.260242752839986	0.237072526020155	0.030038509983164
1.261492700432427	0.231581594166457	0.024519951641529
1.262117140344344	0.234996441843916	0.024473641020855
1.262741580248985	0.258082721922116	0.027961114648011
1.263367087936786	0.263285806869734	0.028711991202372
1.263991527848702	0.295254833040422	0.028820152010982
1.264617035536503	0.240908329143623	0.026884898710076
1.265241475441144	0.263868065967017	0.027276374991117
1.265866983128944	0.265304427278013	0.028073173658758
1.266491423040861	0.250080308384195	0.026423199408030
1.267741370633303	0.261915815536985	0.027656569927628
1.268365810545220	0.256119445840213	0.030841925915766
1.268991318233020	0.242476004555068	0.030770837410367
1.270241265825462	0.284897492444662	0.028578207656707
1.270865705737378	0.259696157283289	0.027983023870429
1.273991108610062	0.273451186494665	0.027220066064732
1.274615548521979	0.235171334145069	0.025477435162543
1.275239988433896	0.278201278201278	0.027256156730537
1.275865496121696	0.266666666666667	0.026995960761742
1.276489936026337	0.241344281723525	0.027149915142683
1.277115443714138	0.249006517246861	0.027840082041254
1.278989831218496	0.244976076555024	0.026648253993247
1.279615338906297	0.289097227834802	0.027160331651581
1.280239778818213	0.233780570652174	0.027879854543792
1.280865286498738	0.291192478970807	0.026822850066723
1.282114166322572	0.262484921592280	0.032320924255557
1.285239569195255	0.243959706127395	0.026021278783821
1.285864009107172	0.249066932072655	0.030056739762447
1.286489516794973	0.271407953816549	0.026900111664783
1.287113956699613	0.252102199223803	0.028673093617572
1.288363904299331	0.286320629587055	0.031830985312561
1.288988344211248	0.292038805050816	0.032553985450673
1.290863799491490	0.288478223147666	0.035603312135629
1.293363694683649	0.282917561539732	0.033289563523315
1.293988134588290	0.239439980908440	0.030801449916162
1.294613642276090	0.299435432001715	0.037443992628741
1.295238082188007	0.280946101862535	0.034122716071664
1.297112469692365	0.286147113280593	0.028317874651830
1.297737977380166	0.229814720380758	0.023433199822754
1.299612364884524	0.287053309900410	0.027717911845153
1.300237872565049	0.246914717259164	0.027569431902509
1.300862312476966	0.250903322464087	0.027614219324154
1.301487820164766	0.237263581488934	0.025310801397816
1.303362207669124	0.241640060494035	0.026446386726206
1.303986647581041	0.261043507251209	0.033344699909855
1.304612155261566	0.279967360261118	0.032547371428771
1.305236595173483	0.258053606155407	0.027726745465562
1.305862102861283	0.272344368629433	0.028112218608407
1.306486542773200	0.277952365200132	0.026786115538845
1.307112050453725	0.239442137428504	0.025179252931806
1.307736490365642	0.254387459533140	0.026413421681396
1.308986437958083	0.257131079967024	0.025886719181711
1.309610877870000	0.251837292770467	0.026404808142500
1.310236385557801	0.256023013304567	0.028961082569452
1.312110773062159	0.249763644177052	0.025750598136624
1.312736280749959	0.242751018451953	0.024466597343266
1.313360720654600	0.236786647559639	0.028340508213878
1.313986228342401	0.237671119907636	0.028009713069550
1.314610668254318	0.251647010980073	0.032946033318502
1.315236175942118	0.237756775755682	0.027109365778567
1.316485055758676	0.287761757638174	0.031916527426737
1.317110563446477	0.291322497557510	0.031830036564466
1.317735003351117	0.257355292612728	0.029283701576548
1.318360511038918	0.268067698724633	0.027049701922172
1.318984950950835	0.272158306488725	0.030071703143154
1.319610458638635	0.264856100526956	0.029175745695583
1.320234898543276	0.261365528726062	0.026597587158932
1.320860406231077	0.253876636802205	0.028573761942674
1.321484846142994	0.243022345882967	0.029620224570886
1.322110353823518	0.242055771725032	0.027823107638025
1.323359233647352	0.292321116928447	0.033149271602634
1.323984741335153	0.254359846873671	0.029972633694393
1.324609181239794	0.267490750084090	0.026925287040518
1.325859128839511	0.271353188444683	0.029018813991235
1.326484636520036	0.276170741815168	0.027340441234322
1.327109076431952	0.258042782550109	0.027636407232701
1.327734584119753	0.273091384665686	0.026989292524404
1.328984531712194	0.280097250167673	0.031084806885075
1.329608971624111	0.283025154089622	0.032989321324795
1.330858919216553	0.268751507355897	0.027179935468136
1.331483359128470	0.262629787976616	0.029711368382993
1.332108866816270	0.247311827956989	0.026612406069096
1.332733306728187	0.248868019453295	0.028847929401494
1.333358814408712	0.234938240483993	0.025490449450835
1.334608762008429	0.263702436938863	0.029453858752775
1.335233209385478	0.274796747967480	0.031085291367126
1.335857649290119	0.228649680471408	0.028500574243343
1.337107596889837	0.276964047936085	0.032441437306080
1.337733104577637	0.236686862244898	0.027915694929289
1.338357544482278	0.268688233803531	0.028149436027690
1.339607492081996	0.291512611946430	0.029191478834290
1.340232999762520	0.282402612921214	0.028267487000056
1.340857439674437	0.283361726291880	0.032603791742620
1.342731827178795	0.263215600281933	0.028235353808723
1.343981774778513	0.236375216085888	0.030160158235269
1.345231722370954	0.235063417890521	0.028446815318308
1.345857230058755	0.279924111762677	0.030817048998854
1.346481669970672	0.263005272407733	0.029703947251823
1.347107177651196	0.256035526846992	0.025503804583638
1.347731617563113	0.239777401403339	0.025618010680546
1.348357125250914	0.271397091229617	0.027908262046034
1.349606005067471	0.271823930360516	0.029144436753566
1.350231512755272	0.277777777777778	0.028800000854026
1.350855952667189	0.276355025434134	0.029295633814335
1.351481460347713	0.284967515495482	0.025627917191103
1.352105900259630	0.277717436711505	0.029762126872545
1.353355847852072	0.247780054644809	0.028814309149661
1.356480182956147	0.262537363002325	0.031048834129134
1.357105690643948	0.262755931101722	0.031948230386492
1.358980078148306	0.259891196834817	0.032466684694209
1.359605585836107	0.300410466906106	0.034640160441020
1.361479973340465	0.286665556850341	0.033420712862653
1.362729920932907	0.260690988161392	0.030879807691699
1.363354360844824	0.297122115633912	0.034598434626084
1.363979868532624	0.259962534059946	0.029211711480383
1.364604308437265	0.284614733993064	0.029578353977784
1.365854256036982	0.238382532500180	0.025545080593529
1.367104203629424	0.236592544146501	0.027426909502125
1.367729711317224	0.260235372120007	0.027888768572378
1.368979658909666	0.245516238487639	0.029394928925621
1.369604098821583	0.274797308952907	0.029214319703292
1.370228538733500	0.260455627337640	0.028203116826316
1.372103994013742	0.251547599129998	0.030571604925348
1.372728433925658	0.239056378811105	0.029762642028135
1.373978381518100	0.262618498590828	0.029393760796573
1.375228329117817	0.285269461077844	0.026310516912728
1.376478276710259	0.300935264991748	0.031837631860165
1.377102716622176	0.261930669982901	0.026416926000451
1.379602611814335	0.267138326421078	0.031376033743317
1.380228119494859	0.241995532390171	0.031609735552788
1.380852559406776	0.279270489342540	0.034223633478803
1.382102506999217	0.256425809386610	0.033982716614822
1.383976894510852	0.251211505393153	0.032946041174157
1.384602402191376	0.252985620277845	0.027737006619735
1.385226842103293	0.256785605367490	0.025690362141447
1.386476789695735	0.265614392396470	0.027922189544565
1.387726737295452	0.259312320916905	0.026383344854419
1.389601124799810	0.270548523206751	0.029961259014161
1.390226632487611	0.273615365510390	0.028805705925381
1.391476580080052	0.232668872568800	0.027014069456099
1.392101019991969	0.271276595744681	0.027690319145870
1.392726527679770	0.235880670208418	0.026732005015393
1.393350967584411	0.228866650394598	0.024871862114474
1.393976475272211	0.262723984184403	0.026956916569257
1.394600915184128	0.285636221701795	0.031110577362460
1.395226422864653	0.235937753282542	0.030715190412364
1.395850862776570	0.280053614811092	0.031423654419975
1.396475302688486	0.291620867506553	0.030344891164764
1.397725250280928	0.286764705882353	0.033434983964158
1.398350757968728	0.276673427991886	0.032206897333376
1.399600705561170	0.296220459005204	0.033960116750813
1.400225145473087	0.300766778668045	0.030730678114375
1.400850653160887	0.285029013539652	0.029961105972963
1.401475093072804	0.251019522776573	0.031004244527189
1.402100600753329	0.277009686232304	0.036549244048804
1.402725040665246	0.263386396526773	0.035898555500990
1.403349480577162	0.263592683132429	0.034997969862261
1.404599428169604	0.292523112826497	0.031520552760533
1.405224935857404	0.295280824194084	0.031753974065590
1.405849375769321	0.288352148420408	0.030684827163441
1.407099323361763	0.257480015226494	0.032298822059390
1.409599218553922	0.233442457819189	0.033123706784649
1.410223658465839	0.228083087994766	0.031988368329385
1.411473606058280	0.276042590949423	0.033591304475495
1.412099113746081	0.265579978595538	0.027934601271095
1.412723553650721	0.262886168706803	0.028282447214575
1.414599008938239	0.242774072173764	0.028443374575818
1.415223448842880	0.279882669274016	0.031032982801688
1.416473396442598	0.244588575447370	0.026860247288103
1.417097836347239	0.259152907394113	0.028925464524576
1.417723344035039	0.295614633037946	0.027812188866238
1.418347783946956	0.248840185570309	0.026795214996290
1.419597731539398	0.299656175614917	0.031484518035012
1.420847679139115	0.247505819753908	0.028606278655907
1.421473186826915	0.259442257767356	0.028571023792755
1.422097626731556	0.255809698078683	0.028085875542366
1.422723134419357	0.290427878253198	0.030155711471320
1.423347574331274	0.265404445947088	0.028773196718712
1.424597521923715	0.277912512350669	0.031199451038720
1.426471909428074	0.276509175454621	0.036282218471135
1.427721857027791	0.277591706539075	0.032690780167448
1.429597312308033	0.276543209876543	0.031106632751969
1.431471699812391	0.284021773935319	0.033243357962390
1.432096139724308	0.298955613577023	0.034201581208594
1.432721647404833	0.239175088324706	0.034238802705113
1.433346087316750	0.246614342874731	0.033234234009720
1.433971595004550	0.287192040429564	0.033524198064135
1.435845982508908	0.300648824006488	0.029129082731108
1.437095930101350	0.266288712134033	0.031743338623645
1.437720370013267	0.299176016830295	0.032275278762461
1.438345877701067	0.251442144553783	0.028686181262842
1.438970317612984	0.293024034837953	0.031187897007728
1.440220265205426	0.297651933701657	0.031514468429783
1.440845772893226	0.286401214779821	0.029381571830269
1.441470212797867	0.229348004598456	0.029224797808595
1.442095720485668	0.231439917127072	0.029665063043002
1.443345668085385	0.268896431823826	0.031427313115956
1.443970115462434	0.239650492025789	0.029743375014395
1.444594555367075	0.278126548818768	0.031863281621639
1.445220063054876	0.258508508508508	0.027391130288703
1.445844502966793	0.272594397076736	0.029821023893309
1.447094450559234	0.294142294477499	0.033712177240824
1.448344398158952	0.265105115047178	0.033261797249777
1.448969905839476	0.262955032119914	0.034497542699790
1.450219853439194	0.260228887725335	0.031755063565281
1.450844293343835	0.239698404348588	0.028345432406523
1.453344188535993	0.279105009805669	0.032254897777950
1.453968628447910	0.246557769605747	0.031115278618507
1.454594136135711	0.276089613034623	0.030544676521351
1.455218576040352	0.258301979388189	0.027855536505889
1.455844083728152	0.241458051420839	0.029097397208795
1.456468523640069	0.233050511458251	0.027704855357454
1.457092963551986	0.285835166694872	0.028125563443356
1.457718471232511	0.267982965543941	0.027942454144743
1.458342911144427	0.276064872571734	0.030986468313302
1.458968418832228	0.288250278618054	0.029063969291566
1.459592858736869	0.267815631262525	0.029978403649145
1.460218366424670	0.284353871059899	0.031579089790304
1.460842806336586	0.235593220338983	0.027339234427826
1.461468314024387	0.255158976175715	0.029007229315671
1.462092753929028	0.251557427393174	0.029303566566379
1.462718261616828	0.300816360188010	0.029704567601683
1.463967141433386	0.256120194432170	0.029905067275040
1.464592649121187	0.255509181969950	0.028781560437796
1.465217089033104	0.230833964487082	0.027817922468827
1.465842596720904	0.246571820363387	0.027886735195302
1.466467036625545	0.232449174078780	0.026367164042812
1.467092544313346	0.230114623133032	0.031309704262865
1.468342491905787	0.245273200346921	0.031982221913361
1.468966931817704	0.243522479619017	0.031464019515797
1.471466827009863	0.274072257642635	0.034958880270885
1.472091266921780	0.274803008595989	0.033254788547490
1.473966722202022	0.242419275528602	0.028706114590533
1.474591162113938	0.244967320261438	0.030745919455328
1.477091057298821	0.287442744793017	0.030797263028597
1.477715497210738	0.283754572663785	0.031441248436839
1.479590952490980	0.261304909560723	0.029979801247458
1.480840900090698	0.286636385369352	0.028290359921005
1.481465339995339	0.238610161405741	0.027838535854948
1.482090847683139	0.289973844812555	0.029482399982813
1.483340795282857	0.235347078419015	0.028419677670901
1.483965235187497	0.232618373128288	0.026641256874395
1.484589675099414	0.246644446446266	0.031941216822731
1.485215182787215	0.263440387153542	0.030313464560154
1.485839622691856	0.266810380565459	0.031163897130306
1.486465130379656	0.258850276063657	0.026155961948037
1.487089570291573	0.255879752431477	0.029271130171735
1.487715077979374	0.251140780801082	0.028235893784202
1.488339517884015	0.251913962814437	0.031954882814630
1.489589465483732	0.228980013783598	0.026066139938109
1.490214973164257	0.250341777241657	0.028418698222747
1.491463852988090	0.235825177185285	0.027796457955330
1.492089360675891	0.295838905057815	0.029588842617801
1.492713800580532	0.269460086121232	0.030090619545963
1.493339308268332	0.260696517412935	0.028112014663958
1.493963748180249	0.297147871873629	0.030716495354111
1.494589255860774	0.281765774303088	0.031285114517630
1.495213695772691	0.229226361031519	0.030819339930487
1.495839203460491	0.288955622288956	0.033172117708795
1.496463643372408	0.298924541607898	0.035171917281428
1.497089151052933	0.268372011251758	0.034770106402101
1.498338030876766	0.300514747936923	0.036499449270336
1.499587978469208	0.233892845032214	0.036996516960279
1.500213486157008	0.296034946236559	0.040715940500613
1.500837926068925	0.289750215331611	0.036294823108152
1.501463433749450	0.251196935844239	0.032713383649105
1.503963328941609	0.295023394300298	0.034322679884417
1.504587768853526	0.270385575142880	0.034001077295870
1.505212208765442	0.283929918685556	0.033161957570828
1.507087664045685	0.239696312364425	0.032553084450508
1.507712103950325	0.288750226080666	0.036004788018098
1.508337611638126	0.278966131907308	0.034059101242184
1.508962051550043	0.283484723369116	0.032004521944599
1.509587559237843	0.264320575391729	0.030909531092754
1.510211999142484	0.266901878516258	0.031471092208655
1.512086386646843	0.286034168187096	0.040919699949648
1.513961841934361	0.299939753851450	0.034161608313665
1.514586281839001	0.282647584973166	0.031695009368970
1.515836229438719	0.228879914283359	0.027643239270987
1.516461737126519	0.274649092776446	0.031482122983542
1.518336124630878	0.290881938106695	0.030254907554107
1.518960564535519	0.251610369206599	0.037504160366899
1.519586072223319	0.250020547382263	0.033361086269902
1.520210512135236	0.276753934983785	0.031545060673845
1.522085967415478	0.258151035118599	0.029612568232762
1.522710407327395	0.237381389043936	0.029617511622486
1.523960354919836	0.248178849535293	0.030295697894342
1.524584794831753	0.245293875873407	0.029580305156651
1.525210302519554	0.266042891446551	0.030967844968039
1.525834742424195	0.296130696474635	0.034125693898462
1.527084690023912	0.289388814599229	0.032608184695272
1.527710197704437	0.263416701992370	0.031216265271345
1.528960145304154	0.248056244830438	0.031538356402264
1.529584585216071	0.240777176586326	0.028695918651912
1.530210092896596	0.298875855327468	0.029684942882423
1.530834532808512	0.287249156455336	0.030400568929221
1.531458972720429	0.253624892232934	0.027531593163096
1.532084480400954	0.289939795829334	0.031311094227828
1.532708920312871	0.250901733087006	0.030390306987764
1.533958867912588	0.296449281118437	0.030206570976402
1.534584375593113	0.255294025033457	0.030376105400594
1.535834323192830	0.233061028351754	0.031150635985029
1.536458763097471	0.276242157028998	0.031982158503507
1.537084270785272	0.237837837837838	0.028725761114553
1.537708710697189	0.241580756013746	0.026485255032647
1.538333150609105	0.295689583850418	0.031725420429446
1.538958658289630	0.250102669404517	0.032296257018211
1.539583098201547	0.270793036750484	0.034984418558366
1.540208605889347	0.240702937782906	0.031440043041393
1.542082993393706	0.283813373757790	0.027999733719375
1.542708501081506	0.243096423721141	0.030906265483389
1.543958448673948	0.236074270557029	0.030329118817759
1.544582888585865	0.246787537405386	0.036027341304209
1.545207328490505	0.297351158349249	0.032307891890253
1.545832836178306	0.271920088790233	0.037882847940000
1.546457276090223	0.259243409791167	0.032029443193467
1.547082783778023	0.253127753303965	0.032997442371210
1.548957171282382	0.265126423782212	0.035861095406837
1.550207126339956	0.274440518256773	0.030762900949894
1.550832626562624	0.269710228679931	0.035062426570242
1.551457073939673	0.292343776176914	0.033771910393381
1.552707021532115	0.258333333333333	0.033224515424741
1.553331461444031	0.270283932934535	0.031897408032964
1.553956969131832	0.283403003560923	0.033814615724947
1.555831356636190	0.242491558556957	0.031653273335624
1.556456864323991	0.245480112494978	0.032074003268139
1.557081304228632	0.296488842677757	0.031542699583804
1.558955691732990	0.279913043478261	0.034805396486291
1.559581199420791	0.255200729927007	0.029267207925817
1.560205639332708	0.269984076433121	0.028028291113136
1.560831147020508	0.249737762237762	0.030411832527225
1.561455586925149	0.231244262705499	0.029253978211084
1.562081094612950	0.283195297889394	0.029492180625741
1.562705534524866	0.283731356151392	0.029112461430390
1.564580989805108	0.300347797283869	0.031304650150968
1.565205429717025	0.297858099062918	0.030836664429382
1.565829869621666	0.267787610619469	0.029131484834094
1.566455377309467	0.228607382550336	0.027756572948747
1.567705324901908	0.285025017869907	0.029829243467089
1.568329764813825	0.279370339685170	0.027962179192089
1.568955272501626	0.273739587900044	0.030153541069123
1.569579712413542	0.278862478777589	0.029008330812015
1.571455167693784	0.246266849624667	0.028334242773217
1.572079607598425	0.286037546094536	0.027959443269322
1.572704047510342	0.231614466170618	0.027299184119712
1.573329555198143	0.275023126734505	0.032897547998445
1.573953995110060	0.279584946059458	0.031881725114942
1.574579502790584	0.277867383512545	0.031952934285379
1.575203942702501	0.241311955725564	0.029466601066009
1.575829450390302	0.272899818451890	0.030207087489881
1.580203733086819	0.263846753922163	0.028846102483952
1.580828172991460	0.281793229643184	0.033048701757386
1.581453680679260	0.293640739802382	0.033200637960193
1.582078120591177	0.277742201079499	0.032834807265431
1.583953575871419	0.267876296031462	0.035896985019755
1.585202455687977	0.246029679770893	0.030318883668879
1.585827963375777	0.242847801209743	0.029475097017162
1.586452403287694	0.261427837699024	0.031420496548805
1.587077910975495	0.251507598295409	0.032286722395205
1.587702350880136	0.234653896386591	0.031688848229836
1.588327858567936	0.270652072223781	0.032309201301037
1.588952298479853	0.284456259865415	0.032754688280933
1.590202246072295	0.270673522717694	0.031651269420766
1.591452193672012	0.263337116912599	0.030599378674657
1.592076633576653	0.279409282700422	0.030801850016390
1.592702141264454	0.293313660013978	0.036394193926256
1.593952088856895	0.290919606709080	0.032895843898385
1.594576528768812	0.271544425630514	0.034307348437313
1.595202036456612	0.243939266840030	0.031634540988592
1.595826476368529	0.247197542140663	0.029932433580746
1.597076423960971	0.276441515650741	0.032343043542242
1.598326371553412	0.300953792017779	0.032498320963022
1.598950811465329	0.281219028741328	0.027834259148017
1.599576319153130	0.228241487645411	0.031991365888283
1.600826266745571	0.287765454389132	0.033859460947129
1.601450706657488	0.271991824916972	0.033980116269930
1.602076214345288	0.267967755621553	0.033882480074424
1.602700654249929	0.283980787056543	0.031404094753152
1.603950601849647	0.245490324696622	0.035125040438846
1.605200549442088	0.277796581485869	0.035911303549335
1.605824989354005	0.269953854042044	0.033770729098954
1.606450497041806	0.294007794738552	0.032979627214072
1.607074936946447	0.264436872309900	0.030762066872846
1.608950392233965	0.259086061202724	0.034512095618823
1.609574832138605	0.236283833211412	0.028089232809640
1.610200339826406	0.267867867867868	0.031156624197341
1.610824779738323	0.236957282913165	0.029829310906152
1.612699167242681	0.245072697899838	0.031089106789426
1.613324674930482	0.253722700198544	0.029603238594091
1.613949114835123	0.258011772400262	0.031217474734006
1.615824570122641	0.253219989696033	0.032385106634063
1.616449010027281	0.250992851469420	0.032305891927653
1.617698957626999	0.246457990115321	0.029051411156340
1.618324465307523	0.287166454891995	0.037953306101407
1.618948905219440	0.250810337275515	0.031848630828541
1.619573345131357	0.250040186465199	0.029121249682822
1.620198852819158	0.233476953093244	0.030184024881125
1.621448800411599	0.259536102334900	0.029538742722264
1.622698748004041	0.258657545959812	0.032487142236278
1.624573135515675	0.288469463446798	0.030596556616452
1.626447523020033	0.258930771125893	0.033027085454693
