0.622194112074794	0.980672980672981	0.041084813107399
0.622819619755319	0.929450757575757	0.037815580899247
0.623444059667236	1.042482365063010	0.040396775515936
0.624069567355036	0.910987051252229	0.036342942582197
0.624694007259677	1.022844755711189	0.039470091212395
0.625319514947478	1.053963295587661	0.046492027365236
0.625943954859395	1.014900385066131	0.041323409304474
0.626569462547195	0.948132612728886	0.038922046345472
0.627193902451836	1.036127528510780	0.042371604775542
0.627819410139637	1.010260323920970	0.041708672478209
0.628443850051553	0.938180678523858	0.039201931560248
0.629068289956194	0.992104003828362	0.038497657601013
0.629693797643995	0.985172193877551	0.038828107499261
0.630318237555912	0.914883897982490	0.036493976926063
0.630943745243712	0.971356936635770	0.038337138799489
0.631568185148353	0.949185989146522	0.041470609301030
0.632818132748071	0.953718148725949	0.038930222346732
0.633443640428595	0.985303030303030	0.038768361287529
0.634068080340512	0.908000978712992	0.038998259994280
0.634692520252429	0.871488344291692	0.034885508395083
0.635318027940230	0.939809206541490	0.037046115733811
0.635942467844870	1.033228231869997	0.040734506981103
0.636567975532671	0.892933618843683	0.035079116485518
0.637192415444588	0.958595641646489	0.037911503281943
0.637817923125112	0.959526918055449	0.038189131045256
0.638442363037029	0.911260033875838	0.036925238097873
0.639067870724830	0.991606345294933	0.040616537220562
0.639692310636747	0.974117857782554	0.044375719232987
0.640317818317271	1.037430027571226	0.042667542912438
0.640942258229188	0.992837122391778	0.040660161512938
0.641566698141105	0.938689720812183	0.038209693282810
0.642192205821630	0.947607830395581	0.039843490714187
0.642816645733546	0.925261584454410	0.046130113617159
0.643442153421347	1.068631897203326	0.042060218141529
0.644066593333264	1.045015522593998	0.044898277679804
0.644692101013788	0.991881342701015	0.040846738986443
0.645316540925705	1.044174398554889	0.043779547884002
0.645942048613506	0.937759336099585	0.039460307056687
0.646566488518147	1.026364193746168	0.046782085933158
0.647191996205947	0.926250197191986	0.039978497395080
0.647816436117864	0.987881320518178	0.040425189716703
0.649066383710306	0.974245319067635	0.043532088795844
0.649690823622223	0.946309728557541	0.038917470072608
0.650316331310023	0.963569837734648	0.041615019905762
0.650940771214664	1.072764730119489	0.047764304355755
0.651566278902465	0.931440285475666	0.037795724162569
0.652190718814381	0.985697163403915	0.039266104087127
0.652816226502182	0.991680000000000	0.040278191435579
0.653440666406823	0.957955418908532	0.040632970963172
0.654066174094623	0.969064690244099	0.040092256779984
0.654690614006540	0.974015809657979	0.041851278952578
0.655315053911181	1.015760507004670	0.042972023448092
0.655940561598982	0.990695825049702	0.041752853955374
0.656565001510899	0.920091848450057	0.036643623762912
0.657190509198699	0.975631549021201	0.038744060878501
0.657814949103340	0.987359772475905	0.040519802176426
0.658440456791141	0.982626389106276	0.039409866062260
0.659064896703057	0.954179810725552	0.039854852728835
0.659690404390858	1.012602100350058	0.044736424180137
0.660314844295499	0.937852222917971	0.037974048673712
0.660940351983299	1.067523592580540	0.047592104490170
0.661564791895216	0.982120266509235	0.042194799438038
0.662189231799857	0.978877067639978	0.040261500724267
0.662814739487658	1.046484793538284	0.044560979210632
0.663439179399575	0.979218245929927	0.042571714474756
0.664064687087375	0.964578313253012	0.038261989294365
0.664689126992016	1.012573547191102	0.040317770209173
0.665314634679817	0.907428835917612	0.036733975456684
0.665939074591734	1.040305368576588	0.042454759653056
0.666564582272258	0.968582620513230	0.039608921424615
0.667189022184175	0.887414844030118	0.035590846920668
0.667814529871976	0.978059781362281	0.041119460498668
0.668438969783892	1.039064383891970	0.044400107024458
0.669063409688533	0.940394128618928	0.038651687225138
0.669688917376334	0.988363249163371	0.038494943851712
0.670313357288251	0.980174274522344	0.039368407501639
0.670938864968775	0.980000000000000	0.041824328004100
0.671563304880692	0.922695496667209	0.038522187272714
0.672188812568493	1.016552914411234	0.043630037249827
0.672813252480410	0.954424885459368	0.042595662899104
0.673438760160934	0.969793564055859	0.040473635141066
0.674063200072851	1.074552516041878	0.048744246494670
0.674688707760652	0.965465032444124	0.039620243076811
0.675313147665292	1.027417150666211	0.047107903010646
0.675937587577209	0.978284204442243	0.041355301757684
0.676563095265010	0.997069074778200	0.041390981172459
0.677187535176927	0.980707908163265	0.040970728906260
0.677813042857451	0.996730983894116	0.041371866049499
0.678437482769368	0.992610454262601	0.038358721445195
0.679062990457169	1.004388714733542	0.043292842508054
0.679687430361810	0.973914389658642	0.038740329547039
0.680312938049610	1.036277348777349	0.040904552776096
0.680937377961527	0.957727873183620	0.038770263476049
0.681562885649328	0.970741736517476	0.038060002640018
0.682187325553969	0.946439302884615	0.036771687518105
0.682811765465885	0.906852656452473	0.036080405631105
0.683437273153686	0.977698331630916	0.039869745472343
0.684061713058327	0.948303078137332	0.037646264399879
0.684687220746127	0.978089887640449	0.039059390225033
0.685311668123177	1.047222922443492	0.043245523015057
0.685937168345845	0.992761200032172	0.041312491371170
0.686561615722894	0.921008537461103	0.036648275540593
0.687187115938286	0.955333437451195	0.040428813964655
0.687811563315336	1.019158075601375	0.042023219889080
0.688437063530728	0.991417304569705	0.039747088730518
0.689061510907777	1.061109293193717	0.043401673737957
0.689685950819694	0.925205801646413	0.039019002579918
0.690311458507495	1.012444582717586	0.038792709227789
0.690935898419411	0.984032586558045	0.040284454465919
0.691561406099936	1.010465901417961	0.044634169611035
0.692185846011853	0.987922129519269	0.040793786166633
0.692811353699653	0.922411621462759	0.039691530167544
0.693435793604294	0.893973953351483	0.036342540736361
0.694061301292095	0.949488054607509	0.040208866190729
0.694685741204012	1.051381299332119	0.044229628981641
0.695311248891812	0.971805544647766	0.041286121779994
0.695935688796453	1.014914601876353	0.041867790020754
0.696560128708370	0.967349551856594	0.041794938808834
0.697185636396171	0.988185837500906	0.041019669403532
0.698435583988612	0.988334515645937	0.040782708162459
0.699060023900529	0.932656689879982	0.039084013282605
0.699685531588329	1.024009415457042	0.043245648504501
0.700309971492970	0.954719693339722	0.040043736214446
0.700935479180771	0.951550982800983	0.038933731358199
0.701559919092688	1.064835515809645	0.044473787997514
0.702185426773212	0.961413331315730	0.041395460659522
0.702809866685129	0.986478918313465	0.042364773644748
0.703434306597046	1.013309539742732	0.042868130356001
0.704059814284847	0.971902740254728	0.044119074771106
0.704684254189488	0.956243076436145	0.041472364272340
0.705309761877288	0.945556142867930	0.040230424048115
0.705934201789205	1.001285444234405	0.044086245484406
0.706559709469730	0.998752183678563	0.039212893019493
0.707184149381646	1.011628872829969	0.041886440701214
0.707809657069447	0.974463984582028	0.039902835560467
0.708434096981364	0.956014075495841	0.038913739154224
0.709058536886005	1.002076677316294	0.042008906638291
0.709684044573805	1.033025815954725	0.049104987821676
0.710308484485722	0.956670025579412	0.043291603911297
0.710933992166247	0.925758788849261	0.040531677011227
0.711558432078164	0.973072695870623	0.042764220093501
0.712183939765964	0.976583584695983	0.039888038533647
0.712808379677881	0.971437514672510	0.038835874730836
0.713433887358406	0.954633781763827	0.037520307698398
0.714058327270322	0.979604594826912	0.041342787107539
0.714683834958123	1.045736304238566	0.044087942003387
0.715308274862764	0.948252448002287	0.041386584679462
0.715932714774681	0.971693625118934	0.039456756618172
0.716558222462481	1.002497162315551	0.041582635211894
0.717182662374398	0.959750525781420	0.040043590704313
0.717808170054923	0.974537211938043	0.039554780937735
0.718432609966840	1.004650081376424	0.042822493520323
0.719058117654640	0.977204697213907	0.043665009870642
0.719682557559281	0.958166631571559	0.042637748563453
0.720308065247082	1.007530807850297	0.042382300024026
0.720932505158999	1.024001356967178	0.040836679258405
0.721558012846799	0.985365128890870	0.038757969682376
0.722182452751440	0.989683785602153	0.039650509221329
0.722806892663357	0.929355118793906	0.036789811428034
0.723432400351157	0.950587502918061	0.037351911127028
0.724056840255798	0.943000524305296	0.038398286939169
0.724682347943599	0.968491775426674	0.039596162600122
0.725306787855516	0.931273349937734	0.038274160575184
0.725932295543316	1.026588795819565	0.043827013572963
0.726556735447957	0.903529411764706	0.036850350512817
0.727182243135758	0.985391875256463	0.042398405123952
0.727806683047675	1.014801414357372	0.042816737712710
0.728432190728199	1.042964906526730	0.042962258752178
0.729056630640116	0.923160340821069	0.038376789257775
0.729681070552033	1.008693045563549	0.042097731562628
0.730306578239833	0.896335155903650	0.036637491558973
0.730931018144474	0.907177179467623	0.038183881144580
0.731556525832275	0.973874423060176	0.044369042710739
0.732180965744192	1.012033227233910	0.040392788090234
0.732806473424716	0.892988084326306	0.036038512033088
0.733430913336633	1.071676398409072	0.049718703163282
0.734056421024434	0.962379834985997	0.040525581488185
0.734680860936351	1.020063276487383	0.042209824201722
0.735306368616875	0.996969213590684	0.039532010353500
0.735930808528792	1.071103086578970	0.044416591815586
0.736555248440709	0.921803697115013	0.038756255367522
0.737180756121234	0.971814306016106	0.039737540382872
0.737805196033150	1.004093198992443	0.040101460000889
0.738430703720951	0.944588744588745	0.041069216209621
0.739055143632868	0.946177787899491	0.038851536827454
0.739680651313392	1.023952563002263	0.042654740282274
0.740305091225309	0.982035454257677	0.041921045326880
0.740930598913110	0.923266374201493	0.039404199539574
0.741555038817751	1.011580010880547	0.043512017857109
0.742180546505551	0.984392071172155	0.043198172046363
0.742804986417468	0.902305324021927	0.038807225506890
0.743429426329385	0.999096793617342	0.043889524606978
0.744054934009910	1.079936594202899	0.045212239421808
0.744679373921826	1.066396350734921	0.044029828196467
0.745304881609627	0.918590522478736	0.038535675719642
0.745929321514268	1.073046476996630	0.047543586603689
0.746554829202069	1.069900240798074	0.046105883360437
0.747179269113985	0.994163117210917	0.038595386930800
0.747804776801786	0.949913927371096	0.040155930635162
0.748429216706427	1.027143102559698	0.042716386597304
0.749054724394227	0.982706239775649	0.041225101483347
0.749679164306144	1.024290543196290	0.040299010791545
0.750303604210785	0.962240402769037	0.040231320449336
0.750929111898586	1.002734051367026	0.043151419501237
0.751553551810503	0.947158829836116	0.038463616026114
0.752803499402944	0.911948195530285	0.037509821635171
0.753429007090745	1.013467479996831	0.042128454431822
0.754053447002661	1.067912266450040	0.045490197769249
0.754678954690462	1.001813880126183	0.040746535449359
0.755303394595103	0.978255712817269	0.042084923901529
0.755928902282903	1.023128473357307	0.044070220375154
0.756553342194820	0.949601133228957	0.040102792201521
0.757177782099461	0.990216795804962	0.043230300726747
0.757803289787262	1.065888240200167	0.050385954118789
0.758427729699179	0.989987104604415	0.041744055915847
0.759053237386979	1.033057166528583	0.047727998724533
0.759677677291620	1.052222567609574	0.042766209572778
0.760303184979421	1.008382295338817	0.041667749613492
0.760927624891337	1.021929472246767	0.042126081132419
0.761553132571862	0.978331177231565	0.041616063298343
0.762177572483779	0.972695972455761	0.041035668817250
0.762802012395696	0.985493827160494	0.038566491397642
0.763427520083496	0.973902626850347	0.043256774274771
0.764051959988137	0.933709556057186	0.041855541637578
0.764677467675938	1.054834415044101	0.049368684550467
0.765301907587855	1.024160752731042	0.043381814941479
0.765927415268379	1.042990654205608	0.045326606116204
0.766551855180296	0.965419631244740	0.040311090551047
0.767177362868097	0.981835488220830	0.040623360302010
0.767801802780014	0.900500963391137	0.036854382607620
0.768427310460538	0.870749766371936	0.035671187425107
0.769051750372455	0.948781431334623	0.041954258735245
0.769676190284372	0.979841220423412	0.044127686312782
0.770301697964896	0.976550905313149	0.045054235408119
0.770926137876813	0.973587559584278	0.045627743868363
0.772176085476531	0.966303189308846	0.041893480263043
0.772801593157055	1.035582625420741	0.041742087174558
0.774051540756773	0.948454399018179	0.042055580254954
0.775301488349214	1.052320813514843	0.042545831150619
0.775925928261131	1.036502481863307	0.046963674632982
0.776550368173048	0.976467083705690	0.041431871144058
0.777175875853573	0.978904991948470	0.045466756913574
0.777800315765489	0.962447152449639	0.044656046556305
0.779050263357931	1.080109551523451	0.045531581762977
0.779675771045731	0.942746936923310	0.039990570289313
0.780300210957648	0.918752293577982	0.040303404149386
0.780925718645449	0.958439551950560	0.046545761916029
0.781550158550090	0.988192212839100	0.046593882150261
0.782175666237890	0.991382036685642	0.046553196389687
0.782800106149807	1.031777709548664	0.042545289492901
0.783424546054448	1.031732040546496	0.046823533227546
0.784050053742249	1.008789361051666	0.043750193304346
0.784674493654165	1.034983135932230	0.047273021920547
0.785924441246607	0.987947909083556	0.041498805083494
0.786549948934407	0.975745403985787	0.039757601073634
0.787174388846324	0.994198060721666	0.043207123123033
0.787799896526849	0.996767154287562	0.042394158456082
0.788424336438766	0.989606651742885	0.040604809865323
0.789049844126566	0.955564202334630	0.039211658961260
0.789674284038483	1.027464897392378	0.042246276938934
0.790298723943124	0.985034243679716	0.042012866663554
0.790924231630925	0.991965720407070	0.047584223963850
0.791548671542841	1.072392638036810	0.052827183299256
0.792174179223366	1.037564029595902	0.041603097263066
0.792798619135283	0.941598886202096	0.040259694530033
0.793424126823083	1.028327699983905	0.041340879537972
0.794048574200133	1.015331278890601	0.044854905480935
0.794674074415525	0.966451122099658	0.040496549189906
0.795298521792574	1.023232401455897	0.045661137460445
0.795924022015242	0.907675016056519	0.039889887357955
0.796548469392292	1.011807304785894	0.040994878131403
0.797172909296933	0.959758243439676	0.040189207058292
0.797798416984733	0.981034868961398	0.041256065548692
0.798422856896650	0.979896907216495	0.040408695334253
0.799048364584451	0.893558306394386	0.034896250494854
0.799672804489092	1.007333133792278	0.044082857104801
0.800298312176892	0.966513409961686	0.039823051400406
0.800922752088809	0.929758308157100	0.036731796303205
0.801548259769334	0.976744186046512	0.041655735427172
0.802172699681250	0.905947235057386	0.037068795341091
0.802798207369051	1.078305836000985	0.043456101422204
0.803422647280968	0.928789986091794	0.044650001410673
0.804047087185609	0.961174713787954	0.042004591824349
0.804672594873409	0.957126739375705	0.036770048180173
0.805297034785326	0.960311114341790	0.038470429857327
0.805922542465851	0.974270288510207	0.040385560207910
0.806546982377768	0.898167497186947	0.038660737485623
0.807172490065568	0.965082185695247	0.041663922104503
0.807796929977485	1.016468363407139	0.045395923118261
0.808422437658010	0.994889007552063	0.040838658105546
0.809046877569926	0.993033268101761	0.043305623815564
0.809672385257727	0.911762478224646	0.036794261874606
0.810296825162368	0.982459029893766	0.042108992231526
0.810921265074285	0.938285980437820	0.039092277733275
0.811546772762085	0.951115364794228	0.038940944119402
0.812796720354527	0.981413846278711	0.041045458631778
0.813421160266444	0.894315719286548	0.036507741778248
0.814046667954244	0.908433734939759	0.038162320078883
0.814671107858885	0.930732968369830	0.037586562541305
0.815296615546686	0.962549430100023	0.037010622417907
0.815921055458602	1.019735755573906	0.040449034525073
0.816546563146403	0.932138590203106	0.038939705841871
0.817171003051044	0.898697895340267	0.037275350270130
0.817795442962961	1.005914202415660	0.046165941743825
0.818420950650761	0.969964922537270	0.038830432606235
0.819045390555402	0.940580377706126	0.037404594156113
0.819670898243203	0.907448689368898	0.040228950577030
0.820920845842920	0.941735034943786	0.037559182331295
0.822170793435362	0.987635239567233	0.039700044713651
0.822795233347279	0.930236195839199	0.038383223288637
0.823420741027803	0.960902861749295	0.041180253993908
0.824045180939720	0.956281488704697	0.040855029938500
0.824669620851637	1.007811303415531	0.041596752380811
0.825295128539437	0.973272541466866	0.041808348149601
0.825919568444078	0.886185006045949	0.038473171518234
0.826545076131879	0.962669195620312	0.043069519410310
0.827169516043796	0.940759248811155	0.039302448270483
0.827795023724320	1.003032187840149	0.040052361076185
0.828419463636237	0.869776782266162	0.038725126367516
0.829044971324038	1.006049794462111	0.045227338001709
0.829669411235955	1.010022659926791	0.047079272623036
0.830294918916479	0.912173142266214	0.035375328595136
0.830919358828396	0.953633161300893	0.040144025589331
0.831543798740313	0.903278810964224	0.035797895311140
0.832169306420838	0.981412639405205	0.039006367438164
0.832793746332754	0.965522478736331	0.040406412078243
0.833419254020555	0.895388331194807	0.040287126773681
0.834043693932472	0.979808877928483	0.041162006848695
0.834669201612996	0.971106062757348	0.049779223342629
0.835293641524913	0.936652247232202	0.052768451804623
0.836543589124631	1.019304038608077	0.047403811532859
0.837169096805155	0.953627808136005	0.041904701625290
0.838417976628989	1.005055946953999	0.043683766329350
0.839043484309514	1.058266264252180	0.045178442722071
0.839667924221430	1.044187798142104	0.044308564116729
0.840293431909231	1.003101281318861	0.046181156518325
0.840917871821148	1.023762532564932	0.045865040748203
0.841543379501672	0.999837292547999	0.046491090573490
0.842167819413589	1.069915086104278	0.047818451170118
0.842793327101390	1.005143040822887	0.046092030964406
0.843417767006031	0.939386755176229	0.040836248166720
0.844667714605748	0.978843974310540	0.039379587559660
0.845292154517665	1.020910116585182	0.046049815987505
0.845917662198190	1.019854401058901	0.045822929166429
0.846542102110106	0.985047276991864	0.047855492484134
0.847167609797907	0.915550821667681	0.038890546998487
0.847792049702548	1.064801063081373	0.045256181769847
0.848417557390349	1.006425817506783	0.042391892836490
0.849667504990066	1.044009584664537	0.044647869989956
0.850291944894707	0.930228849374053	0.038842241288197
0.850916384806624	1.025208721731377	0.043594876596525
0.851541892494424	0.995224156524418	0.040809606809273
0.852166332399065	1.073620633365981	0.048111756082604
0.852791840086866	1.019564505566470	0.043919221551377
0.853416279998783	0.914212740384615	0.036323798375345
0.854041787686583	1.034476858584994	0.044732907207876
0.854666227591224	1.015551839464883	0.044623472770488
0.855291735279025	1.039821274594340	0.049104921020266
0.855916175190941	1.003105590062112	0.042057219207539
0.856541682871466	0.991541501976285	0.040186592545557
0.857166122783383	0.913124395146282	0.041669881062588
0.857790562695300	1.013476629136813	0.043374163648240
0.858416070383100	0.877931536780772	0.037975453665205
0.859040510287741	1.029288371724848	0.042657413240994
0.859666017975542	0.992410187215382	0.042058043001500
0.860290457887459	0.938544013674151	0.039574712424442
0.860915965567983	0.985898171681561	0.042825419774584
0.861540405479900	0.985625638205954	0.044675510508532
0.862165913167701	0.951411006592104	0.039734507303249
0.862790353079617	1.058090601534780	0.045797516164113
0.863415860760142	1.038723097847828	0.047036232400906
0.864040300672059	1.036607142857143	0.043668029043338
0.864664740583976	1.027215345520125	0.041922183532610
0.865290248264500	1.006825938566553	0.042780511495079
0.865914688176417	0.913068367680733	0.036150207563308
0.866540195864218	0.923539179251996	0.038342740822443
0.867164635776135	0.879739382997096	0.037967741021213
0.867790143456659	0.955315870570108	0.044627904192010
0.868414583368576	0.881287121269078	0.038603916862818
0.869040091056377	0.889691105321920	0.038733613381663
0.869664530961018	1.078572045984960	0.044734035259792
0.870290038648818	0.972708922083165	0.039250811960123
0.870914478560735	0.986773962234085	0.040237416926460
0.871538918472652	1.047254447022428	0.043429358125816
0.872164426153176	0.905546444013717	0.036863762715184
0.872788866065093	0.916377096238102	0.037275543259948
0.873414373752894	0.882172296751253	0.036327026055464
0.874038813657535	0.983418776033323	0.043644252791629
0.874664321345335	0.956978372491053	0.040566876039035
0.875288761257252	0.987176602924634	0.039145491006441
0.875914268945053	0.966372360844530	0.041999082032503
0.876538708849694	1.049991897585481	0.043840246426847
0.877164216537494	0.947595851665619	0.039826008570167
0.877788656449411	0.962690696387637	0.040536054100168
0.878413096354052	0.945921623169435	0.040589044051467
0.879038604041853	0.935845291996010	0.038000979886477
0.879663043953769	0.882714105793451	0.036328201766461
0.880288551641570	0.992537905850599	0.042733713812626
0.880912991546211	0.981016533986528	0.039300910052479
0.881538499234011	0.973228728566807	0.041029868826980
0.882162939145928	0.951963972979735	0.039571330911927
0.882788446826453	0.941535908267954	0.038171263617533
0.883412886738370	0.926645768025078	0.038804251612716
0.884038394426170	0.993146819317907	0.041532874490588
0.884662834338087	1.026431353053277	0.043698119831830
0.885287274242728	0.894600431965443	0.035752136435526
0.885912781930529	0.923064882210222	0.041073332064419
0.886537221842445	0.911036288814067	0.040561082184993
0.887162729522970	0.973057787983161	0.040570123809117
0.888412677122687	0.890518011312891	0.034639184227316
0.889037117034604	0.877353614413350	0.034963978918221
0.889662624715129	0.908874801901743	0.040987456741673
0.890287064627046	1.044931552868061	0.044367089989379
0.890911504538963	0.941850941850942	0.041206968803918
0.891537012219487	0.920877712821334	0.038398823673267
0.892161452131404	1.067224287484511	0.047422045983920
0.892786959819205	0.933498833972768	0.039437332686962
0.893411399731121	1.058411975268467	0.043044214446790
0.894036907411646	0.940756901904842	0.037497028696994
0.894661347323563	1.005671379503155	0.044974109623938
0.895286855011364	0.957984520612857	0.039078025462634
0.896536802603805	0.890204520990312	0.036622724644940
0.897785682427639	1.018494850011277	0.048126562633058
0.898411190108163	1.003464288346724	0.045580113827199
0.899035630020080	1.007405168505365	0.045798151228963
0.899661137707881	0.934143029571515	0.045044909746795
0.900285577612522	0.948880799318411	0.040939201632567
0.900911085300322	1.004060186290900	0.041984113581078
0.901535532677372	0.972681582360571	0.039735327726199
0.902161032900040	0.912787271655863	0.038032736942822
0.902785480277089	0.926895587321317	0.038415250012991
0.903410980492481	0.932760026688413	0.040573668407221
0.904035427869530	0.973559491144924	0.041412337194427
0.904659867781447	1.035834848091405	0.044523186483511
0.905285375461972	0.889536275840051	0.038261640112991
0.905909815373889	0.960745752045311	0.041769119982986
0.906535323061689	0.979223928860146	0.042199443113524
0.907159762973606	0.960109933254810	0.040686396188639
0.907785270654131	0.975877572194363	0.041064273063268
0.908409710566048	0.968074150360453	0.040943395989657
0.909035218253848	0.886688124123133	0.036526154046959
0.910285165846290	0.926604812551859	0.039566439138683
0.910909605758206	0.995327472875584	0.039276707471374
0.911534045670123	0.858798893126916	0.035551565911699
0.912159553350648	1.000418795544015	0.044613319669960
0.912783993262565	0.987029421069282	0.041347682178131
0.913409500950365	0.982171668280090	0.040308141372116
0.914033940855006	0.899575898215572	0.038586903178417
0.914659448542807	0.857752380952381	0.035765539202151
0.915283888454724	1.023101749617802	0.043375964853802
0.915909396142524	0.965519968366944	0.039840401779431
0.916533836047165	0.980757293606456	0.040930593102858
0.917159343734966	1.017794164796409	0.043738926519258
0.917783783646883	0.903991279557270	0.040013156206988
0.918408223551523	0.902758738862234	0.037856787214138
0.919033731239324	0.995075431876808	0.041407791609635
0.919658171151241	0.891344229486324	0.035422103442715
0.920283678839041	0.891416752843847	0.036691258184547
0.920908118743682	0.999098360655738	0.041489009500008
0.921533626431483	0.955993812838360	0.040414694643347
0.922158066343400	0.932059616299350	0.039043652210835
0.922783574031200	0.942917547568710	0.038666128979822
0.923408013935841	0.971753301019555	0.040478138578489
0.924033521623642	0.912242322254943	0.038129779202024
0.924657961535559	0.899006116207951	0.038145999702191
0.925282401440199	0.919888139496628	0.036564087876719
0.925907909128000	0.995116702532693	0.042564197378730
0.926532349039917	0.905885214007782	0.040007808419868
0.927157856727717	0.901916753548801	0.039605900771066
0.927782296632358	0.902506305170240	0.037899280129484
0.928407804320159	0.911330438215555	0.037557050024398
0.929032244232076	0.899032258064516	0.037594408095399
0.929657751912600	0.906838943296848	0.039278293773290
0.930282191824517	0.926380368098159	0.039427420173026
0.930907699512318	1.001262945188179	0.043493424383901
0.932156579328876	0.922728644732870	0.041991338468066
0.932782087016676	0.972615979381443	0.042867976280399
0.933406526928593	1.046007891864663	0.048025371874829
0.934032034609118	1.012436812966381	0.046302734282054
0.934656474521034	1.046238501971091	0.046544356418089
0.935281982208835	0.970583717357911	0.043171271304261
0.935906422120752	1.033120000000000	0.047454114676537
0.936531929801276	0.945757893161754	0.044740749728569
0.937156369713193	1.017091311916443	0.042889626620721
0.937781877400994	0.951189562547966	0.038015095003505
0.938406317305635	0.991047963206308	0.041801052984090
0.939030757217552	1.026801224253453	0.044406346710645
0.939656264905352	0.859285603834854	0.036273669901037
0.940280704817269	1.012369100015177	0.042876336425548
0.940906212497794	0.950417964268153	0.041223657546292
0.941530652409710	1.011391862955032	0.044098090742264
0.942156160097511	0.906714917571371	0.038178265424740
0.942780600002152	0.919560540872772	0.039775088804533
0.943406107689952	0.984434535873531	0.043168146305150
0.944030547601869	1.037001518420842	0.045840568541720
0.944656055289670	0.921745908028059	0.042920028503003
0.945280495194311	0.951283987915408	0.045114826518181
0.946530442794028	1.005109043770017	0.051516517734123
0.947154882698669	0.981242757821553	0.044136778906473
0.947780390386470	1.074353532971783	0.051472592709238
0.948404830298387	0.968909548121619	0.046052610290787
0.949030337986187	1.012552301255230	0.047976565750690
0.949654777890828	0.981891847196957	0.044559849956342
0.950904725490545	0.855281000452011	0.038899753910207
0.951530233171070	1.020061599933406	0.046567091421277
0.952779112994904	0.984966303784344	0.047672705138907
0.953404620682704	0.952504038772213	0.040393974243584
0.954029060587345	0.856655774968035	0.035529000141261
0.954654568275146	1.013215501864764	0.048299612432000
0.955279008187063	0.916424887169568	0.042166363841511
0.955904515867587	1.037563207320010	0.046842678142933
0.956528955779504	0.926732041776290	0.040762022915498
0.957154463467305	0.906451870165085	0.040275714164998
0.957778903379221	1.032385402400709	0.046982673302358
0.958404411059746	1.026461354462550	0.046597049244580
0.959028850971663	0.958565675340768	0.044931660796953
0.959653290883580	0.992373759810455	0.048764334003606
0.960278798564104	1.013155833985904	0.048545440410187
0.960903238476021	0.991853199398877	0.046973870769938
0.961528746163822	1.019253504475595	0.046307439978591
0.962153186075739	0.927904309356054	0.041025757504255
0.962778693756263	0.956164158236697	0.046286690304986
0.963403133668180	0.876626756897449	0.042274638400908
0.964028641355981	1.060567723570807	0.049690365461947
0.964653081260622	1.017214799588900	0.047726916288757
0.965277521172538	0.948142729415590	0.041860572110115
0.965903028860339	0.944710174300770	0.045530138640959
0.966527468772256	1.002263679650301	0.053562753812793
0.967152976452780	1.013437849944009	0.053821041493284
0.967777416364697	0.975717439293598	0.048854972520095
0.969027363957139	1.073711890870244	0.049542300020426
0.969652871644939	1.001491300745650	0.048779014347229
0.970277311556856	1.065726558067915	0.049542422551084
0.970902819244657	1.029067905188981	0.046293214859895
0.971527259149298	1.016814379193241	0.042700485842175
0.972151699061214	1.026489551775033	0.049507477556115
0.972777206749015	1.075365853658537	0.052439688650387
0.974027154341456	0.977021410085483	0.042710141784519
0.974651594253373	1.017397637158116	0.041284504476733
0.975277101941174	0.952403693091372	0.043803713102518
0.975901541845815	0.968252736163937	0.041106278471288
0.976527049533615	1.055638978898285	0.047191262525837
0.977151489445532	0.982902486910995	0.042569974958566
0.977776997126057	1.009028794533919	0.044024335415959
0.978401437037974	0.962006893910379	0.043496192171421
0.979025876949891	1.013843266072266	0.045894629193055
0.979651384637691	0.971179039301310	0.045099495059795
0.980275824542332	1.061680311580955	0.052904242904781
0.980901332230133	0.938108598778676	0.040243688897676
0.981525772142049	0.871220952825056	0.036671249338495
0.982151279822574	0.996362258431224	0.042155313194303
0.983401227422291	0.937395858129017	0.038330020678660
0.984025667334208	0.952568218298555	0.041139829248291
0.984651175014733	1.042964906526730	0.045899209718846
0.985275614926650	0.894518654997697	0.037565934346709
0.985900054838567	0.989053882053458	0.040157566048841
0.986525562519091	0.989007409820047	0.042841176779226
0.987150002431008	1.010814408119125	0.046729305910767
0.987775510118809	1.040554704506974	0.050646276141576
0.988399950030725	0.942672769565544	0.041975888853035
0.989025457711250	0.958248055669259	0.044536733125491
0.989649897623167	1.007397057614860	0.044364818421687
0.990275405310967	0.985722491179125	0.043781194567448
0.990899845215608	0.982037325038880	0.043154864769014
0.991525352903409	1.011563063801870	0.045913093243771
0.992149792815326	1.017333652847671	0.044246321533472
0.992774232727243	0.892687934301958	0.037405721707623
0.994024180319684	0.961667897890503	0.046135126060988
0.994649688007485	0.966219378998284	0.046924672459512
0.995274127912126	1.000889176299410	0.045748948694325
0.995899635599926	0.970814977973568	0.043169878535015
0.996524075511843	0.855767025911488	0.037797841823011
0.997149583199644	1.039691018160901	0.043067365348297
0.997774023104284	0.850759809480608	0.039400737251244
0.998399530792085	1.066835112886136	0.050119679075396
0.999648410608643	1.031770166453265	0.047696085865808
1.000273918296443	0.977293147104468	0.040706622646110
1.000898358208360	0.922223957519913	0.044655428971155
1.001523865896161	0.997053905565730	0.048294067176524
1.002148305800802	0.972580930479391	0.042991257974531
1.002773813488602	0.933294195347472	0.039332033999816
1.003398253400519	0.921341644404868	0.041136277121827
1.004023761088320	0.989668388601900	0.045144168336700
1.004648200992960	1.010090901509465	0.046286407038194
1.005273708680761	0.928516702421085	0.039596182841073
1.005898148592678	0.982856218664079	0.041407579508073
1.006522588497319	1.034239842726081	0.043366259802865
1.007148096185119	1.021988205560236	0.043810799534011
1.007772536097036	1.010997127615921	0.044871227186554
1.008398043784837	1.016446606439657	0.046843388952134
1.009022483689478	0.973133820778779	0.042829424862030
1.009647991377278	0.974059874378008	0.042461143627667
1.010272438754328	0.977689055894786	0.044316333267401
1.010897938969720	1.010342019543974	0.050295640767828
1.011522386346769	0.984025300032436	0.044590768736032
1.012147886569437	0.949563772330702	0.044706611264924
1.012772333946486	0.946801244592851	0.045644717117979
1.013396773851127	1.071539778919508	0.048992583647213
1.014022281538928	1.002762007058462	0.044764985208394
1.014646721450845	0.951501685565431	0.045710180890268
1.015272229138645	0.992917736788855	0.045679348271309
1.017146616643004	1.012196120160432	0.048155425261427
1.017772124330804	1.058566574987866	0.048615394299021
1.018396564235445	1.019913136114070	0.047062415823852
1.019646511835163	1.015769653224541	0.047972860303890
1.020896459427604	1.069967266775777	0.051427327757095
1.022146407027321	0.977441211638103	0.042748888817168
1.022770846931962	0.967102396514161	0.044186578884882
1.023396354619763	1.023242252582472	0.046060600913634
1.024020794531680	0.929686880697582	0.043901910769238
1.024646302212204	0.912776611209821	0.042387463553878
1.025270742124121	0.977400688145136	0.043517598375198
1.025895182036038	1.017432253800397	0.045862017722679
1.026520689723839	1.008558371416701	0.045867299538365
1.027145129628479	1.041017359709326	0.046342429832715
1.027770637316280	0.993631587326859	0.042812738615836
1.028395077228197	1.002703809913970	0.044208059581723
1.029020584908722	0.963233442457819	0.042291093941766
1.029645024820638	0.983053622595170	0.042817087404387
1.030270532508439	1.013588582172464	0.044109548812717
1.030894972420356	0.921509840098401	0.039818288556622
1.031520480100880	0.931182970425739	0.041402255788726
1.032144920012797	0.969757888296478	0.042057938065731
1.032769359924714	0.948944053353094	0.041481171037318
1.033394867605239	1.015824036711765	0.046294503922889
1.034019307517156	1.081180510137345	0.050605752837675
1.034644815204956	0.945127789644251	0.044899061546945
1.035269255116873	0.974582112700327	0.051522647263827
1.035894762797398	1.061349199967838	0.052831917482618
1.036519202709314	1.016566850742786	0.046865059047212
1.037144710397115	0.944108019639935	0.041634126563714
1.037769150301756	0.935773427222781	0.041495742498838
1.038394657989556	1.070598290598290	0.048749902343962
1.039019097901473	0.977039529015980	0.044456297627942
1.039643537813390	1.047058823529412	0.047357700633236
1.040269045493915	0.980204291709557	0.043700767127481
1.040893485405832	0.891669410602568	0.039364066378548
1.041518993093632	1.052875849494447	0.045295434921953
1.042143432998273	0.944710387745333	0.039036790384930
1.042768940686074	0.978137860082305	0.044674543100554
1.043393380597990	0.970623681831877	0.044017812181891
1.044018888285791	1.017296122994652	0.045743763478326
1.044643328190432	1.044347603178672	0.045250565591202
1.045268835878232	0.965124309392265	0.038925389039085
1.045893275790149	0.983915969144921	0.042474893713335
1.046517715694790	1.036784496680423	0.044123441577956
1.047143223382591	0.957455806478897	0.041213797699957
1.047767663294508	1.026173442680161	0.045695614359481
1.048393170982308	0.943630877915961	0.041930165052985
1.049017610886949	1.073854863612970	0.048285378045750
1.049643118574750	0.940526180478190	0.044090687883698
1.050267558486667	1.005089894097365	0.043311038060431
1.050893066167191	1.014672420557081	0.044152796560076
1.051517506079108	0.961808969220298	0.043833571132772
1.052767453678825	0.971233116997018	0.043777280649367
1.053391893583466	0.969859395634273	0.043494091601353
1.054017401271267	1.063226488200071	0.048876231405443
1.054641841183184	0.963676738837338	0.041557873721897
1.055267348863708	0.956900765846505	0.040123347335962
1.055891788775625	0.979321012781894	0.045580646138648
1.056517296463426	0.998350107243029	0.050157972010327
1.057141736375343	1.049566294919455	0.057435090018440
1.057767244055867	0.938363661239568	0.047443232493238
1.058391683967784	1.016045710707577	0.050499753889262
1.059017191655585	1.002812826488789	0.059070174710752
1.059641631560226	1.033727087576375	0.052233422156776
1.060266071472142	0.981843360517003	0.046800567316781
1.060891579159943	0.985432942708333	0.049420523165371
1.061516019071860	1.020143532865764	0.048107501112416
1.062141526752384	0.915633504687028	0.044459037607152
1.062765966664301	1.028773168578994	0.047983018737179
1.063391474352102	0.963701546045261	0.047075170428899
1.064015914256743	1.057425399028453	0.050226969752628
1.064641421944543	1.050377833753149	0.045616788468631
1.065265861856460	0.971060581968517	0.044477798177023
1.065891369544261	0.950933666692710	0.043588646086873
1.066515809448902	0.925648461414532	0.039536162054581
1.067140249360818	0.999560168895144	0.044906145375474
1.067765757048619	1.057880828573864	0.045193176670046
1.068390196953260	0.950565563468789	0.041789108381794
1.069640144552977	1.021048907756257	0.050576051647532
1.070265652240778	0.954410011918951	0.044155777503417
1.070890092145419	0.976245992422034	0.040773384247439
1.071515599833219	0.885648503453569	0.040511532578948
1.072140039745136	1.004063205417607	0.045490206506551
1.072765547425661	1.038878040120717	0.048666013206061
1.073389987337578	0.957840067211487	0.039790287440188
1.074014427249494	0.933588657105606	0.040633017075313
1.074639934937295	0.938627858627859	0.042170216394783
1.075264374841936	0.937495141102387	0.042381340027927
1.075889882529736	1.024799244213510	0.045874866573201
1.076514322441653	1.036300146175085	0.049800216548348
1.077139830122178	0.912198632601655	0.040129566093661
1.077764270034095	0.881335629258067	0.042658613595489
1.078389777721895	1.038583380716432	0.045641068480107
1.079014217633812	1.066907623770698	0.049907251209873
1.079639725314337	0.892870965244988	0.040010487315519
1.080264165226254	0.955268469923294	0.042356076264205
1.080888605138171	1.006036381434048	0.045436071756493
1.082138552730612	0.953894942267035	0.047096574211513
1.082764060418413	0.942510631595527	0.044431015790380
1.083388500330329	1.021578694047810	0.043968725176291
1.084014008010854	1.005787134110543	0.045062710335468
1.084638447922771	0.937737721184058	0.041195642888618
1.085263955610571	0.897801364670205	0.038545191499884
1.085888395515212	0.982990397805213	0.045100961622892
1.086512835427129	1.007043420616506	0.042454766306953
1.087138343114930	0.997252315905166	0.046234257019268
1.087762783026847	0.964425097568298	0.046747594317223
1.088388290707371	1.002234359483615	0.048805916782751
1.089012730619288	0.910790010994189	0.040336063713617
1.089638238307089	1.057724508680709	0.049343023410232
1.090262678219005	0.923739837398374	0.041210614038012
1.090888185899530	1.021658262379102	0.046268347677258
1.091512625811447	0.922143819868390	0.040864049091152
1.092138133499247	0.994238541577092	0.044081208533892
1.092762573403888	0.984082990180551	0.041827788539582
1.093387013315805	0.937515059031403	0.041425817962040
1.094012521003606	1.010467778868171	0.043075198411851
1.094636960915523	0.895079426578845	0.040796705152936
1.095262468596047	1.020919807404948	0.044561860490900
1.095886908507964	0.943718112244898	0.040186967183739
1.096512416195765	1.027082268778743	0.044731893915420
1.097136856100406	0.913291676309496	0.039246446914996
1.097762363788206	0.963202753646943	0.042359194538076
1.098386803700123	0.959426066161817	0.042145846689016
1.099012311387924	1.010541799460652	0.042886436253578
1.099636751292564	0.873645917542441	0.038705908371144
1.100261191204481	0.993027643343450	0.042425572855793
1.100886698892282	1.013094296511117	0.044036690761102
1.101511138796923	0.983577486507325	0.041200481421048
1.102136646484723	0.935339204174820	0.040692368451920
1.102761086396640	0.950866165874598	0.041224203831228
1.103386594084441	0.926691874373023	0.040770525342825
1.104011033989082	0.974872335251682	0.040766333126284
1.104636541676882	0.953582802547771	0.039460342804084
1.105260981588799	0.987763894872900	0.043842171525535
1.105886489269324	0.975939353988135	0.041741756779958
1.106510929181240	0.972209211553474	0.040677689067216
1.107135369093157	0.869635815356066	0.036763919241648
1.107760876780958	0.888906397730854	0.036065501090943
1.108385316685599	0.983906770255272	0.043819149630799
1.109010824373399	0.972979632063075	0.044045372902542
1.109635264285316	0.914943647125598	0.040873159959466
1.110260771965841	1.049221406837301	0.045959668712468
1.110885211877758	0.944108636250724	0.041289612963739
1.111510719565558	0.987877913269355	0.041988533973547
1.112135159477475	1.019364327150911	0.045751073958879
1.112760667158000	0.907646152598719	0.041461276130704
1.113385107069917	0.987273009467639	0.045527694244586
1.114009546981833	0.981614770771397	0.045542949979448
1.114635054662358	0.931607983125101	0.044427973637431
1.115259494574275	0.972917521542881	0.043325919213994
1.116509442173992	1.018374210483143	0.046595977438752
1.117134949854517	1.050971988366753	0.047780164872212
1.117759397231566	0.994296429408547	0.044071764857830
1.118384897454234	0.881362599323421	0.039112971638299
1.119009344831284	0.994655086019709	0.043112596725114
1.119634845046676	0.954593625173229	0.039982470252370
1.120259292423725	0.944231383828699	0.041117891729259
1.120883732335642	0.953461696026219	0.042959600595433
1.121509240023443	1.002694136291601	0.045061125232006
1.122133679928083	0.937484914313299	0.041794163652861
1.122759187615884	0.990213752253412	0.046630742916814
1.124009135208325	0.986206326918312	0.043382564306563
1.124633575120242	0.984999171224930	0.042282030846762
1.125259082808043	0.964758452069809	0.042506088337549
1.125883522719960	0.994887268460314	0.044103339047920
1.126509030400484	0.898626096406117	0.041465915803182
1.127133470312401	1.013111148705803	0.046065138662505
1.127757910224318	1.014482698811898	0.046516690225719
1.128383417904843	0.917152858809802	0.040940098278727
1.129007857816759	1.061545027742211	0.049060691636365
1.129633365504560	1.053191489361702	0.051565728879057
1.130257805416477	1.014689166739529	0.048034288804369
1.130883313097002	0.953938532037608	0.043044926445650
1.131507753008918	0.972248353715898	0.040943167779544
1.132133260696719	0.980812906257342	0.043064942567990
1.132757700601360	0.849693019025241	0.037635540239131
1.133383208289160	0.918822189686026	0.039657075724194
1.134007648201077	0.914935785635009	0.040403808287438
1.134632088112994	0.969837391524138	0.043260330193523
1.135257595793519	1.005152952723704	0.047083788906532
1.135882035705436	1.020975609756098	0.047005305079959
1.136507543393236	0.936276586729938	0.043540593662334
1.137131983297877	0.904291224686596	0.039111222023717
1.137757490985678	0.979752805334201	0.041206894091446
1.138381930897594	0.909402473550887	0.038897712484952
1.139007438585395	0.953664566552357	0.041316338206226
1.139631878490036	0.921152628245725	0.036511638317728
1.140256318401953	0.981941878044683	0.040909208236223
1.140881826089753	0.895255503457045	0.039076745704726
1.141506265994394	0.889635316698656	0.037997154271759
1.142131773682195	0.931082981715893	0.041019125058051
1.142756213594112	0.865091580729567	0.038195437646553
1.143381721281912	0.876612450925407	0.036885089024263
1.144006161186553	1.037368124345655	0.043070720971315
1.144631668874354	0.934427588493741	0.039091711531897
1.145256108786270	0.896380802517703	0.037352025176553
1.145881616466795	0.938316003439919	0.037967096244410
1.146506056378712	0.857623049219688	0.037263830636521
1.147130496290629	0.981387784604265	0.042728614913423
1.147756003978429	0.937691934701794	0.040385014840698
1.148380443883070	0.887659977879602	0.038614891259910
1.149005951570871	0.924600802664162	0.039299114383103
1.149630391482788	0.975768374164811	0.043683840395679
1.150255899163312	0.983592053406258	0.040951024036895
1.150880339075229	1.008723043372910	0.040671207807863
1.151505846763030	1.052384422313983	0.045788932874863
1.152130286674947	0.929038976495091	0.038308503494455
1.152755794355471	1.054232804232804	0.047055928378091
1.153380234267388	0.968130135280936	0.041992226943276
1.154004674179305	1.029982363315697	0.045228422680095
1.154630181859829	1.019952854015828	0.046529726366664
1.155254621771746	1.027078345579130	0.049401183766421
1.155880129459547	1.039200998751560	0.047212312396865
1.156504569371464	0.896799375487900	0.037576630378766
1.157130077051988	0.941779689050612	0.041133785265210
1.158380024651706	0.928967011798700	0.039222572626786
1.159004464556347	0.919309917994739	0.041378858844785
1.159629972244147	0.894681538958940	0.040465772621723
1.160254412156064	0.906112356077583	0.040090301539820
1.160878852067981	0.955778456170955	0.045153058519412
1.161504359748506	0.974945533769063	0.045397322712566
1.162128799660422	1.038952482911966	0.047140637125406
1.162754307348223	0.911244917109790	0.042508710747024
1.163378747252864	1.043780687397709	0.045226223247883
1.164004254940664	0.950113747156321	0.044481931842776
1.164628694852581	0.912026726057906	0.043808857364177
1.165254202540382	0.958692307692308	0.043616567429639
1.165878642445023	0.984429770930138	0.048554064294096
1.166504150132823	0.948633174743972	0.052512483172983
1.167128590044740	0.951099076138898	0.047713794328047
1.167753029949381	1.003852080123267	0.048741455012269
1.168378537637182	0.894416406312585	0.043247012651759
1.169002977549098	1.029625992307063	0.046110824137237
1.169628485236899	0.958450355195771	0.042893588920513
1.170252925141540	0.921342887046132	0.041763623995955
1.170878432829340	0.994081420459090	0.046971451893167
1.171502872741257	0.946261298274445	0.046639006689378
1.172128380429058	1.048088779284833	0.045369743466018
1.172752820333699	0.944943729252692	0.040560759938989
1.173378328021499	0.885341866999688	0.038564985531188
1.174002767933416	0.969985476843634	0.041797056062545
1.174627207838057	0.978210911566942	0.042496365823330
1.175252715525858	0.930707512764406	0.041538926617871
1.175877155437774	1.010546840379332	0.044602667032501
1.176502663125575	0.871620068939104	0.037595690404465
1.177127103030216	0.920783443025930	0.042286791072600
1.177752610718017	0.865151043288695	0.039386253479017
1.178377050629933	0.863288505832528	0.036917654692628
1.179002558310458	1.021819115256268	0.048936659814296
1.179626998222375	0.950464660243840	0.043472711293254
1.180252505910175	1.013089005235602	0.043899676379480
1.180876945822092	0.944798631628052	0.039759054300559
1.181501385726733	0.942873395091825	0.040838731455019
1.182126893414534	0.955225080385852	0.042098295505038
1.182751333326451	0.918219705905481	0.041030521133628
1.183376841006975	1.042947368421053	0.045657523664901
1.184001280918892	0.955401308441040	0.041524358424606
1.184626788606693	0.963499514405957	0.043877260985194
1.185251228518609	0.993389121338912	0.046768838646139
1.185876736199134	0.998241547438254	0.045684544625549
1.186501176111051	0.973301989757367	0.043408476131862
1.187126683798851	0.979648098597259	0.041889805991966
1.187751123703492	0.859732011463094	0.036449900277684
1.188375563615409	0.966597596353088	0.043168636547492
1.189001071303210	0.979837371390641	0.046691459682487
1.189625511215127	1.061518661518662	0.049245973452658
1.190875458807568	1.040278010383520	0.048364231068934
1.191500966495369	0.949178114825697	0.042740530046598
1.192125406400010	0.925593538386228	0.043682820298246
1.192750914087810	1.001154924929879	0.045178400327247
1.193375353999727	0.904403954571452	0.040988021131848
1.194000861687528	0.925539539698973	0.041975617491938
1.194625301592168	0.942415841584158	0.040620491723038
1.195249741504085	0.922468612424588	0.039698589030380
1.195875249191886	0.892134136918560	0.038059665448628
1.196499689096527	1.074606378683892	0.049779970334640
1.197125196784327	0.944546397510572	0.041868487340853
1.197749636696244	0.963591655429523	0.042711228814936
1.198375144384045	0.927909371781668	0.041211706291370
1.198999584288686	0.933079169370539	0.039163077237688
1.199625091976486	0.943381051954319	0.040703219577266
1.200249531888403	0.933952616328618	0.041632397155901
1.200875039568928	0.946687037632679	0.042312947220600
1.201499479480844	0.914166797549866	0.043179326383005
1.202123919392761	1.029421379535796	0.045911725465995
1.202749427080562	1.006123367852319	0.045282980928249
1.203373866985203	0.959695817490494	0.043148492765161
1.203999374673003	1.003274394237066	0.044586816961622
1.204623814584920	0.950198886237072	0.042388500722694
1.205249322265445	0.889223173648075	0.038268125162967
1.205873762177362	0.959750232047929	0.042956812442641
1.206499269865162	0.855765431123054	0.038710564064171
1.207123709777079	1.011779790047279	0.044748034429729
1.207749217457604	0.927006207463914	0.039826590128041
1.208373657369521	0.900320486482044	0.041100202610916
1.208998097281437	0.892203075496484	0.039166562579304
1.209623604961962	0.942473870463336	0.039631904611339
1.210248044873879	0.926459496153266	0.039737596820104
1.210873552561679	0.955166802278275	0.041480054571214
1.211497992473596	0.925283368031460	0.041556077548973
1.212123500154121	0.968692730604765	0.046290855994912
1.212747940066038	0.995958083832335	0.050105732096586
1.213373447753838	0.920003281916639	0.041261825577314
1.213997887658479	0.987390653321775	0.042421778002506
1.214622327570396	0.853260419255945	0.040794003122450
1.215247835258197	0.974600701207635	0.047503628882354
1.215872275170113	1.011411460019424	0.050786060096787
1.217122222762555	0.958251953125000	0.062834691165380
1.217747730450355	1.018303892574534	0.050814503906390
1.218372170354996	0.951493710691824	0.046022647701976
1.218997678042797	0.891941532103773	0.043549091106919
1.219622117954714	0.954606477596912	0.048682711963554
1.220247625642514	0.940329858409834	0.046973624027321
1.220872065547155	0.969189995030644	0.046516841043464
1.221496505459072	0.936438660530075	0.044127652194446
1.222122013146873	0.945042849280604	0.046146890838362
1.222746453051514	1.033140623727709	0.047439395125016
1.223371960739314	0.914453781512605	0.044757029140365
1.223996400651231	0.920977240171892	0.045006024239126
1.224621908339032	1.071259509721048	0.048733289799580
1.225246348243672	0.942558528428094	0.043741346332432
1.225871855931473	0.875047706281963	0.036889335543078
1.226496303308522	0.873420919656392	0.037302292819731
1.227121803523914	1.003321451717434	0.042978518296692
1.227746250900964	0.878056234718826	0.040048745107957
1.228370690812881	0.945421245421245	0.044023413693983
1.228996198500681	0.951225550878930	0.042267545997025
1.230246146093123	1.012395709177592	0.047317601948202
1.230870586005040	1.042447043428478	0.046902951147150
1.231496093692840	1.009236752552261	0.056206216836971
1.232120533597481	0.981469334207937	0.050541990011059
1.232746041285282	1.019084923743645	0.054548904625978
1.233370481197198	1.076916687432511	0.056415227218497
1.233995988884999	0.891694997571637	0.044788473831943
1.234620428789640	0.988342290202563	0.044870856900769
1.235244868701557	0.874857965305659	0.038396694834591
1.235870376389357	0.901281521289789	0.040705757018482
1.237120323981799	0.954830399313010	0.045332366426124
1.237744763893716	0.960014091949973	0.045948346194539
1.238370271581516	0.951623873490903	0.043816864290964
1.238994711486157	0.861058833156043	0.038174780619789
1.239620219173958	0.858127280097284	0.037662824937755
1.240244659085874	0.979840439221069	0.044431832083209
1.240870166766399	0.922519736306666	0.041559749678083
1.241494606678316	0.861288775183882	0.037948808088721
1.242119046590233	0.907426820417708	0.038640798454068
1.242744554278033	0.886699120603015	0.041206657581714
1.243368994182674	0.850273045888010	0.040026837769939
1.243994501870475	1.024879687641878	0.048177730175496
1.244618941782392	0.890898183064793	0.041363193067138
1.245244449462916	0.855028117763811	0.040723854668770
1.245868889374833	0.936811832374692	0.045384210943929
1.246494397062634	0.943460831802238	0.046470943101019
1.247118836974551	0.988590762451806	0.049957752724359
1.247744344655075	0.944315004659832	0.046893562019198
1.248368784566992	0.973350253807107	0.055432658095529
1.248993224478909	0.916889869229557	0.048882459142484
1.249618732159433	0.936098088712586	0.043424240466356
1.250243172071350	0.974191931846655	0.048963149369623
1.250868679759151	1.033724706470147	0.048002128313748
1.251493119671068	0.903061224489796	0.041572408224826
1.252118627351592	0.940962980885555	0.043512115546212
1.252743067263509	1.014728126741501	0.048320679319636
1.253368574951310	0.943160924134623	0.044270034122233
1.253993014855951	1.006892180939555	0.051319491756349
1.254618522543751	0.978631178707224	0.044845241916144
1.255242962455668	0.974226017996035	0.042212544830106
1.255867402367585	0.952192809166337	0.041323411594221
1.256492910048109	0.852363250132767	0.036545599301835
1.257117349960026	0.933300915795445	0.042680755046432
1.257742857647827	0.979288948515848	0.047255647832100
1.258367297552468	0.959054487179487	0.043762439371319
1.258992805240268	0.961603375527426	0.044626032739770
1.259617245152185	0.995140750670241	0.044569628737306
1.260242752839986	0.947711878407401	0.045876627838793
1.260867192744627	0.874455381636276	0.038147199857917
1.261492700432427	0.918950632805297	0.040745159311155
1.262117140344344	0.857673756622124	0.038104581818234
1.262741580248985	0.996936225106829	0.044916609125169
1.263367087936786	0.910725858716785	0.042669193992792
1.263991527848702	0.943121904457581	0.043006970346141
1.264617035536503	0.962711580358639	0.043528804749725
1.265241475441144	0.980273021384045	0.043433359228478
1.265866983128944	0.950743417227344	0.043875956120041
1.266491423040861	0.914632187600386	0.041083105859019
1.267116930728662	0.941255006675567	0.045673645076444
1.267741370633303	0.912488393686165	0.043135885268980
1.268365810545220	0.872586318282966	0.044329049946638
1.268991318233020	0.987229542866439	0.046805426855298
1.269615758137661	0.858134280180762	0.041456994777965
1.270241265825462	0.965367965367965	0.045420336655924
1.270865705737378	0.982216264521894	0.046966143130973
1.271491213425179	0.974589191936304	0.047051132628062
1.272115653329820	1.032140490390987	0.047594879251770
1.272741161017620	0.877938012907338	0.038999709683303
1.273365600929537	0.921961269056448	0.041971332296659
1.273991108610062	0.939082656473961	0.041481699913956
1.274615548521979	0.974430335710558	0.042869580520037
1.275239988433896	0.923307923307923	0.042567097699168
1.275865496121696	0.928085280852809	0.042773889242808
1.276489936026337	1.045373740794041	0.048101237991883
1.277115443714138	0.951359084406295	0.044742489977712
1.277739883626055	1.045587476346121	0.050975399719291
1.278365391306579	1.021028820375335	0.055437443908920
1.278989831218496	0.915390749601276	0.041038996926485
1.279615338906297	0.967429079447183	0.041097705686089
1.280239778818213	0.956436820652174	0.044831257134031
1.280865286498738	0.922892957281874	0.042640687494341
1.281489726410655	0.977749623881542	0.051100472724100
1.282114166322572	0.982629674306393	0.050903433398084
1.282739674003096	1.005231689088191	0.052515126694539
1.283364113915013	0.987031340926095	0.053144719338011
1.283989621602814	0.960324020499256	0.051934798158866
1.284614061514731	1.059515510630882	0.054515374795682
1.285239569195255	0.874725441187609	0.040425317641326
1.285864009107172	1.024467114539272	0.047918705377997
1.286489516794973	0.954698524695317	0.042985072180456
1.287113956699613	1.015604786545925	0.046418676664202
1.287739464387414	1.021047046338875	0.049495252936731
1.288363904299331	0.959943407905208	0.049736992709280
1.288988344211248	0.907684016014783	0.046710708715753
1.289613851891772	0.999319727891157	0.052780678554042
1.290238291803689	1.044970215622116	0.052689151113298
1.290863799491490	1.059517612354677	0.057438968865995
1.291488239396131	1.042085090072825	0.058010270406350
1.292113747083931	0.938602971353525	0.051961283630220
1.292738186995848	0.961063549555482	0.049300009990154
1.293363694683649	1.000165207335206	0.048777837669863
1.293988134588290	0.937236496698751	0.048017728286018
1.294613642276090	0.943614664475095	0.054175488168170
1.295238082188007	0.990604911818032	0.052199429278166
1.295862522092648	0.995819992885094	0.048326968360164
1.296488029780448	1.010806451612903	0.046155786277698
1.297112469692365	0.896987039218987	0.042283489009259
1.297737977380166	0.938466768655448	0.040452359102129
1.298362417284807	0.888861386138614	0.042455848124826
1.298987924972607	0.851760591367936	0.037821614463804
1.299612364884524	0.872206879236756	0.040315522243280
1.300237872565049	0.969699760545220	0.045663413155831
1.300862312476966	0.942980523486384	0.041713352686208
1.301487820164766	0.902052313883300	0.039403814045907
1.302112260076683	0.872089070202278	0.040074727403791
1.302736699981324	0.947377637684966	0.045129281622008
1.303362207669124	0.915056293059990	0.042530495542878
1.303986647581041	1.054509084847475	0.051855294235218
1.304612155261566	0.909016727866177	0.047028791118827
1.305236595173483	0.895577914940391	0.042454066469668
1.305862102861283	1.003959228371662	0.045421632100208
1.306486542773200	0.924743632153490	0.042725699758998
1.307112050453725	0.902687455927290	0.039390911557818
1.307736490365642	0.956040211279605	0.043163469267108
1.308361998053442	0.915040808394870	0.040050689320903
1.308986437958083	0.964385820280297	0.042247745793496
1.309610877870000	0.948641257904632	0.041710652947274
1.310236385557801	1.051150665228335	0.048813186245885
1.310860825469717	0.882301517921005	0.039673464458889
1.311486333150242	0.875885047896710	0.040499741670585
1.312110773062159	0.911817791147400	0.041657916558809
1.312736280749959	0.905903027398354	0.041183346110630
1.313360720654600	0.933069206777375	0.044569340811862
1.313986228342401	0.960663038099951	0.046035365722338
1.314610668254318	0.969174461163074	0.047661087500114
1.315236175942118	0.916894477856752	0.042242738194932
1.315860615846759	0.887553097699768	0.040404311337335
1.316485055758676	0.941726742190182	0.047985060767658
1.317110563446477	1.032596145305977	0.051687846220737
1.317735003351117	0.941557403261912	0.046457966012874
1.318360511038918	0.906312665436753	0.042992153766221
1.318984950950835	0.958306488725265	0.047245138467942
1.319610458638635	1.010863396838265	0.047468456828116
1.320234898543276	0.908076602830974	0.042068402226196
1.320860406231077	0.986991729841489	0.047262808008437
1.321484846142994	0.938700982523259	0.046237165852944
1.322110353823518	0.895184824902724	0.042760552074619
1.322734793735435	0.983362019506598	0.044312080949187
1.323359233647352	0.949476439790576	0.049935830037547
1.323984741335153	0.963164610803913	0.046304644840038
1.324609181239794	0.900941809619913	0.042689968438645
1.325234688927594	0.983920229967661	0.049017419592485
1.325859128839511	1.000089437438512	0.046497344132244
1.326484636520036	0.896974720265230	0.041791139816139
1.327109076431952	0.932794340576048	0.043687620061465
1.327734584119753	0.907879679581494	0.041723771252010
1.328359024031670	0.944231410470157	0.046264706270073
1.328984531712194	0.929325955734406	0.046413522591203
1.329608971624111	1.016158587372980	0.050419805422872
1.330233411536028	1.020022058199711	0.047800915932117
1.330858919216553	0.944207733740654	0.043620661655742
1.331483359128470	0.975831079312451	0.045523441813656
1.332108866816270	0.913818006740491	0.043419047582862
1.332733306728187	0.924199228576220	0.043726414571968
1.333358814408712	0.928829510125200	0.041770880892981
1.333983261785761	0.955923344947735	0.045166256628951
1.334608762008429	0.988627618640445	0.047131575389003
1.335233209385478	0.989792231255646	0.048868371212787
1.335857649290119	0.938999087061167	0.045358119128926
1.336483156977920	1.016349683016350	0.048349049043378
1.337107596889837	0.919523968042610	0.048050100966077
1.337733104577637	0.919403698979592	0.043299324911321
1.338357544482278	0.986823211419883	0.046515863405476
1.338983052170079	0.910059073134204	0.042350210241321
1.339607492081996	0.877084873880536	0.042619173792313
1.340232999762520	1.007010276427945	0.045116429276290
1.340857439674437	1.023768962440172	0.053400058942299
1.341482947362238	0.924357754519505	0.047595018469350
1.342107387274154	1.000450694068866	0.050001977305804
1.342731827178795	0.946197822852220	0.044207078615859
1.343357334866596	0.987822817914351	0.045717940306648
1.343981774778513	1.071331089072878	0.052616069288091
1.344607282459037	0.972449071165754	0.048062345616749
1.345231722370954	0.895026702269693	0.045480697172044
1.345857230058755	1.038720248361504	0.050385015269184
1.346481669970672	0.979789103690685	0.047003550900184
1.347107177651196	0.899152200242228	0.040669966288364
1.347731617563113	0.858859585450440	0.040155978480235
1.348357125250914	1.049801674746584	0.047004756231132
1.348981565155555	0.893642736282330	0.041579731107056
1.349606005067471	0.941118502094112	0.044584630635917
1.350231512755272	0.926912887642200	0.043284905439227
1.350855952667189	0.988423083669532	0.047108384465447
1.351481460347713	0.883951907997909	0.038736800203052
1.352105900259630	0.927729969086808	0.045065658886023
1.352731407947431	0.892331022530329	0.040384150541871
1.353355847852072	0.914702868852459	0.043835626964668
1.353981355539872	0.928215598203348	0.046121789374925
1.354605795451789	1.078100695865739	0.055319241589243
1.355231303139590	0.950524109014675	0.052625135457165
1.355855743044231	0.906272588547105	0.046144782393441
1.356480182956147	0.960146130853537	0.048624956152860
1.357105690643948	0.931020474488138	0.047854654357099
1.357730130555865	0.919125331618297	0.050576474235396
1.358355638236389	1.030460624071322	0.053351896569390
1.358980078148306	0.932657434882954	0.047935704362994
1.360230025740748	1.053510343704186	0.057105386383978
1.360855533428548	0.943709124883214	0.054131337813497
1.361479973340465	0.926086232728483	0.049114743164952
1.362105481028266	0.942822802197802	0.051537170421659
1.362729920932907	0.881774985906419	0.043724252195261
1.363354360844824	0.923342839858266	0.049495096945054
1.363979868532624	0.983395776566757	0.047296052239518
1.364604308437265	0.964391440412755	0.045235354123217
1.365229816125066	0.951999332164621	0.047371505997615
1.365854256036982	0.853192559074912	0.038735880467434
1.367104203629424	0.890614780902551	0.041653920606277
1.367729711317224	0.955743411238190	0.044182552805439
1.368354151229141	0.911815419985220	0.045784784451881
1.368979658909666	0.917514945871708	0.044048831293479
1.369604098821583	1.047438330170778	0.049811100934741
1.370228538733500	0.897738864331860	0.044073780550410
1.370854046421300	0.978742838163248	0.047550320437512
1.371478486325941	0.954289499834382	0.049196156437571
1.372103994013742	0.963108582901121	0.047711112531245
1.372728433925658	1.013030148185999	0.048913410210593
1.373353941606183	0.932630146308268	0.044943162115781
1.373978381518100	0.938252626184986	0.045996986975520
1.374603889205900	0.988715507361368	0.045067207614385
1.375853836798342	0.887225466809246	0.042929294158733
1.376478276710259	0.976251604621309	0.049002625197102
1.377102716622176	0.921109902067465	0.040911619453564
1.377728224302700	0.971132559992916	0.048151889290578
1.378352664214617	0.936269214790195	0.044628523412552
1.378978171902418	0.959622823984526	0.045349646900447
1.379602611814335	0.949743839960966	0.048733030816708
1.380228119494859	0.931662116323323	0.048324428134079
1.380852559406776	0.909636745722005	0.049134369673970
1.381478067094577	0.985229633048696	0.058204605609363
1.382102506999217	0.992569565547047	0.053098978357503
1.382728014687018	1.070664975539047	0.062950719213651
1.383352454598935	1.066192170818505	0.058257828855147
1.383976894510852	0.971002032202595	0.048688151495495
1.384602402191376	0.955479730278658	0.044188274775589
1.385226842103293	0.917124123208295	0.040829944219442
1.385852349791094	0.972048668201250	0.046482882824648
1.386476789695735	0.950186693822132	0.044166549710482
1.387102297383535	0.890334119177303	0.040926797732598
1.387726737295452	0.953817630203944	0.043335665922503
1.388352244983253	0.966826604897419	0.044821357892403
1.388976684887893	0.931965163404329	0.044723605356615
1.389601124799810	0.970042194092827	0.047953829458907
1.390226632487611	0.948340094378674	0.043715250340124
1.390851072392252	0.979979896130005	0.047907019083461
1.391476580080052	0.947703978694214	0.042883862331230
1.392101019991969	0.869898848971050	0.042325583918862
1.392726527679770	0.882468328565591	0.041928190922840
1.393350967584411	0.853225937677976	0.040194020468351
1.393976475272211	0.999326995877850	0.044659223591311
1.394600915184128	0.890163934426229	0.045383924592821
1.395226422864653	0.928675636245745	0.046841789773843
1.395850862776570	0.983915556672531	0.048356939494958
1.396475302688486	0.962120571573518	0.047402186705325
1.397100810376287	0.976286240992123	0.049684358384522
1.397725250280928	0.980006609385327	0.049342683056265
1.398350757968728	0.987910750507099	0.050070354447875
1.398975197880645	1.079428670963247	0.056183844374401
1.399600705561170	1.017916560020476	0.052623430587636
1.400225145473087	0.952270181786853	0.051000363968103
1.401475093072804	0.939262472885033	0.046930873179113
1.402100600753329	0.979220134117063	0.052280814972619
1.402725040665246	1.046711689982312	0.057735765804364
1.403349480577162	1.005816403945039	0.054232770320320
1.403974988257687	0.989646554801856	0.050729201619307
1.404599428169604	1.001525895341531	0.051258977590284
1.405224935857404	0.939597873047524	0.048331283776973
1.405849375769321	0.988798459788221	0.049352352146765
1.406474883449846	1.023083778966132	0.054752775995894
1.407099323361763	0.951884278644842	0.047676615152261
1.407724831049563	0.967531434028330	0.049705522119191
1.408349270954204	0.914004132888253	0.051431959165748
1.408974778642005	1.074712153518124	0.058788419933698
1.409599218553922	1.046755645093595	0.054700765785041
1.410223658465839	0.927379784102061	0.048649133906209
1.410849166146363	0.948776278631942	0.050255955176953
1.411473606058280	1.032830523513753	0.052621128798578
1.412099113746081	0.907466864246316	0.043062995533010
1.412723553650721	0.924306769922558	0.045875943087249
1.413349061338522	0.908409387222947	0.043457016979732
1.413973501250439	0.990021505376344	0.050609174095945
1.414599008938239	0.942278091328887	0.045031611843431
1.415223448842880	0.984763301556262	0.048198373842869
1.415848956530681	0.934997049152685	0.045484118674249
1.416473396442598	0.914980073454716	0.042535269261999
1.417097836347239	0.929249421711733	0.044811604809934
1.417723344035039	0.906233431795804	0.042577456693228
1.418347783946956	0.880979043353064	0.042742862790046
1.419597731539398	1.059067266155338	0.052373197845185
1.420223239227198	0.911361005457252	0.044374297758404
1.420847679139115	0.919853674758896	0.044587553529532
1.421473186826915	0.961477263210786	0.045691300625818
1.422097626731556	0.944464775846295	0.044721663283967
1.422723134419357	0.890163211292457	0.044556282608907
1.423347574331274	0.985800016904742	0.046413350799239
1.424597521923715	0.961825204347436	0.047516128226633
1.425221961835632	0.882372881355932	0.044629272347663
1.425847469523433	0.954109589041096	0.048584903111759
1.426471909428074	1.045918790998920	0.056828864435804
1.427097417115874	0.960113960113960	0.050761005211030
1.427721857027791	0.920574162679426	0.049493769409429
1.428347364708316	1.062412342215989	0.054851600843147
1.428971804620232	0.999575227253419	0.050037025496452
1.429597312308033	0.905137395459976	0.046018739201065
1.430221752219950	1.063952516301622	0.052961428385319
1.430846192124591	0.989696397671858	0.050182247940809
1.431471699812391	0.990954210694845	0.051388896615853
1.432096139724308	1.003834856396867	0.051852465063193
1.432721647404833	0.976830170076411	0.051556715628068
1.433346087316750	0.956678978147122	0.049547768630971
1.433971595004550	0.941013897662666	0.048832560306627
1.434596034916467	0.913203700799749	0.047077060089931
1.435221542596992	0.927445830597505	0.045830615650420
1.435845982508908	0.904622871046229	0.043406974293754
1.436471490196709	0.934311003123915	0.048997165477553
1.437095930101350	0.934168217972584	0.047345811109784
1.437720370013267	0.939253155680224	0.048858225203199
1.438345877701067	0.961486257210723	0.044881794813290
1.438970317612984	0.866175362197471	0.044555322722851
1.439595825293509	0.852535696701133	0.041496606547051
1.440220265205426	0.961153314917127	0.047951761952458
1.440845772893226	0.969208705922052	0.046793563983629
1.441470212797867	0.949663327311545	0.045705939150659
1.442095720485668	0.882683011049724	0.044980232908402
1.442720167862717	0.929042198065565	0.045564916108758
1.443345668085385	0.896183458895604	0.045786428698618
1.443970115462434	0.973108245673566	0.048753632979978
1.444594555367075	0.959276391871799	0.048936324858255
1.445220063054876	0.929596262929596	0.043478729297533
1.445844502966793	0.878522127486805	0.042773622214429
1.446470010647317	0.990285760543997	0.050014110237595
1.447094450559234	0.983323556523925	0.051654926975384
1.447719958247035	0.955073907988706	0.051292670052586
1.448344398158952	0.995447773547426	0.052144340978296
1.448969905839476	1.023897216274090	0.054870914479068
1.449594345751393	0.957691991110379	0.048854990519328
1.450219853439194	0.932605280873663	0.046428953095942
1.450844293343835	0.937313694546730	0.046087288322419
1.452094240943552	0.913239760321760	0.045181303705276
1.452718680855469	0.909331286250426	0.045513527707148
1.453344188535993	1.034498128008558	0.051933445501376
1.453968628447910	0.890532797400154	0.046086532291717
1.454594136135711	0.940773930753564	0.046299703868679
1.455218576040352	0.893669229510878	0.042433050523718
1.455844083728152	0.979617726657645	0.047111824634931
1.456468523640069	0.976290540004758	0.045774447495526
1.457092963551986	0.933322051108479	0.046105469307302
1.458342911144427	1.004277312422028	0.047263728586848
1.458968418832228	0.917927081674892	0.044715352376282
1.459592858736869	0.945651302605210	0.045201638820460
1.460218366424670	1.063708218264927	0.051682056245062
1.460842806336586	0.897372881355932	0.041970201008178
1.461468314024387	0.907625542467452	0.043264310393247
1.462092753929028	0.995437395805914	0.047045413786742
1.462718261616828	0.930650614331657	0.044546507726943
1.463342701528745	0.918165073239190	0.046136776739592
1.463967141433386	0.892797171895714	0.043644000858418
1.464592649121187	0.898580968280467	0.042419725936316
1.465217089033104	0.886392325170412	0.042909649223739
1.465842596720904	0.899982859101817	0.043292306375048
1.467092544313346	0.976814866273012	0.049459816642271
1.467716984225262	1.032435260266806	0.051145242086798
1.468342491905787	0.941023417172593	0.045869926752592
1.468966931817704	0.886108644765518	0.047008190160424
1.469592439505504	1.047035640849897	0.055240314380396
1.470216879417421	1.049579985390796	0.055273655121929
1.470841319322062	1.078085429680905	0.056418860282499
1.471466827009863	0.972208598986431	0.051736542576213
1.472091266921780	0.994537965616046	0.052221015509896
1.472716774602304	0.986782666889744	0.050591626922140
1.473341214514221	0.894547240871131	0.048065064273799
1.473966722202022	0.966235043435502	0.047157049323721
1.474591162113938	1.015163398692811	0.050474119607042
1.475216669794463	0.922220258087325	0.044129720230137
1.475841109706380	0.997682089685299	0.050249031873201
1.476466617394181	0.933986155664359	0.048145271358883
1.477091057298821	1.017803128510933	0.050506241653477
1.477715497210738	0.890089790488859	0.045589928429033
1.478965444810456	0.937109862671661	0.046937179225945
1.479590952490980	0.927487080103359	0.044877201446960
1.480840900090698	0.908120168937764	0.042851873542567
1.481465339995339	0.889083247197265	0.040879577477758
1.482090847683139	0.919442022667829	0.045259707996347
1.482715287595056	0.894917190177042	0.045169204904341
1.483340795282857	0.906725488430719	0.044770773119168
1.483965235187497	0.849615540267098	0.040837909112832
1.484589675099414	0.912710566615620	0.047670923637361
1.485215182787215	0.948790145182578	0.046050022140891
1.485839622691856	0.899427908133654	0.044307249984368
1.486465130379656	0.877557648587204	0.040421720239785
1.487089570291573	0.962511052166224	0.045838134061999
1.487715077979374	0.936876795673483	0.044349090893178
1.488339517884015	0.934560699963544	0.046847991563290
1.488965025571815	0.938658250384398	0.041479509742237
1.489589465483732	0.864662301860786	0.040952003646172
1.490214973164257	0.957458785685565	0.045235488594900
1.490839413076174	0.872093965168084	0.041777467330274
1.491463852988090	0.954353695578805	0.045222164889674
1.492089360675891	0.927633131440258	0.045391181968996
1.492713800580532	0.970354421994038	0.048197175507977
1.493963748180249	1.013075910487056	0.050095622493584
1.494589255860774	0.935718234225697	0.045863357517009
1.495213695772691	0.926647564469914	0.044994664821177
1.495839203460491	0.966966966966967	0.051724480053115
1.496463643372408	0.996914668547250	0.054083907062441
1.497089151052933	0.997011251758087	0.054681440959190
1.497713590964850	0.996998458667965	0.049601852429665
1.498338030876766	0.948525206307705	0.051530525124506
1.498963538557291	0.909113838910375	0.047906422712788
1.499587978469208	0.957104103085792	0.055475111591379
1.500213486157008	0.905829973118280	0.055795625927114
1.500837926068925	0.970887166236003	0.051605218578620
1.501463433749450	0.890839451005426	0.047722045547826
1.502713381349167	0.960250185169945	0.050851792617527
1.503337821253808	0.914495657982632	0.051140734200588
1.503963328941609	0.960272224585283	0.049441916144557
1.504587768853526	0.916525798921356	0.048907528612845
1.505212208765442	0.914242602062201	0.048627274092217
1.505837716445967	0.921816438594962	0.053399219222635
1.506462156357884	1.038535645472062	0.057820905054922
1.507087664045685	0.908893709327549	0.048322245896432
1.507712103950325	0.965635738831615	0.054303470064865
1.508337611638126	0.906336088154270	0.048003542433495
1.508962051550043	0.995623451692816	0.049989385080424
1.509587559237843	0.944858292662043	0.047542256327491
1.510211999142484	0.992466863736054	0.049304046282078
1.510836439054401	0.896365748423498	0.045657807998299
1.511461946742202	1.014831905075807	0.053469097708881
1.512086386646843	1.022142975617847	0.059399393247833
1.512711894334643	0.961774074981622	0.056687803054961
1.513336334246560	0.964037698412698	0.054570865132039
1.513961841934361	0.948360444100181	0.048362267963701
1.514586281839001	0.924525087315785	0.048074575421951
1.515211789526802	0.910461978091761	0.044719663553392
1.515836229438719	0.937278496661996	0.045361650399860
1.516461737126519	1.027986990756590	0.051473894783333
1.517086177031160	1.041482707873436	0.054600048378791
1.517710616943077	1.032172470978441	0.049104549872973
1.518336124630878	0.891479299759396	0.045560742021768
1.518960564535519	0.946897093479969	0.054276611028992
1.519586072223319	1.022191172844580	0.052659258165925
1.520210512135236	0.900735584908645	0.044996448358553
1.520836019823037	0.917941930680784	0.049162776343757
1.522085967415478	0.862626770597603	0.043376109852177
1.522710407327395	0.947930787018579	0.045183494536154
1.523335915007920	0.952186740715029	0.049695163762983
1.523960354919836	0.949342711211588	0.047379466459993
1.524584794831753	0.883682696259762	0.043901995882712
1.525210302519554	0.944936656454417	0.047612842541311
1.525834742424195	0.966466036113500	0.049836151010126
1.526460250111995	0.985503472222222	0.052957687018173
1.527084690023912	0.897899787618973	0.045969839233360
1.527710197704437	0.984400169563374	0.049079828345435
1.528334637616354	0.926291793313070	0.047511424150112
1.528960145304154	0.978660049627792	0.048556864114099
1.529584585216071	0.869814723725201	0.041538283845611
1.530210092896596	0.907706093189964	0.044828796626889
1.530834532808512	0.967856508613035	0.049098425699948
1.531458972720429	0.937377537424563	0.045404126805847
1.532084480400954	0.910566268213943	0.046697543604762
1.532708920312871	0.857570159232867	0.044341029629070
1.533334428000671	0.918752113628678	0.046895266002359
1.533958867912588	0.856938597188021	0.043056419337000
1.534584375593113	0.871290246398489	0.044626581622622
1.535208815505030	0.909600203717851	0.045598550529703
1.535834323192830	0.892519621976614	0.045599863493261
1.536458763097471	1.004154654909276	0.051679763684790
1.537084270785272	0.919833679833680	0.044519528274465
1.538333150609105	0.875155125341276	0.044359709581105
1.538958658289630	0.959917864476386	0.048358875300543
1.539583098201547	0.962072155411656	0.051321960508010
1.540208605889347	0.985177953314991	0.050703069575255
1.540833045793988	0.870481166259375	0.048184938645690
1.541458553481789	1.021471106265202	0.049933928745144
1.542082993393706	0.955617315142328	0.045645928159407
1.542708501081506	0.905024898143957	0.045913703206466
1.543332940986147	0.965494081101503	0.050540363573635
1.543958448673948	0.874045494735150	0.044762606597170
1.544582888585865	0.967699348706214	0.055515086622973
1.545207328490505	0.945196379639625	0.049892041729057
1.545832836178306	1.057799026722445	0.058344636937259
1.546457276090223	0.885056487504279	0.048346487292174
1.547082783778023	0.959735682819383	0.050142745286567
1.547707223682664	0.955844841234937	0.054263526536408
1.548332731370465	1.027668330268803	0.058552693112809
1.548957171282382	1.005250828015187	0.055241541109305
1.549582678962906	1.022305465690448	0.050834888151297
1.550207126339956	0.866117000392619	0.043500558259391
1.550832626562624	0.924543878477669	0.050655597832205
1.551457073939673	0.925783213268554	0.049365881067627
1.552081513851590	0.965419354838710	0.054033246359041
1.552707021532115	1.022937293729373	0.053043774141361
1.553331461444031	0.948774117448816	0.049379092207492
1.555206916724273	0.988866733133932	0.053454597050584
1.555831356636190	0.984538830637995	0.050308764754724
1.556456864323991	0.892969063881077	0.048328873153269
1.557081304228632	0.980564664480525	0.048619928767303
1.557706811916432	0.917169128730781	0.044951759641282
1.558331251828349	0.983245811452863	0.050260102844536
1.558955691732990	0.997565217391304	0.053065655942482
1.559581199420791	0.969434306569343	0.047581678758880
1.560205639332708	0.884872611464968	0.042738203389751
1.560831147020508	0.975786713286713	0.047133746751485
1.561455586925149	0.913210381373613	0.044333608732958
1.562081094612950	1.001870157627571	0.048218174593051
1.562705534524866	0.920337960168980	0.044082337418695
1.563331042205391	0.852533797793813	0.042257184788056
1.563955482117308	0.926027155704461	0.044574574977757
1.564580989805108	0.952633322292150	0.047348985316390
1.565205429717025	0.905706157965194	0.046333251918535
1.565829869621666	0.916991150442478	0.045842149269011
1.566455377309467	0.899161073825503	0.042949480385383
1.567079817221384	0.855754521731306	0.041960081452948
1.567705324901908	0.958363116511794	0.047760199437131
1.568955272501626	0.959053046909250	0.047006045579383
1.569579712413542	0.898896434634975	0.044348105355799
1.570205220094067	0.976918947933441	0.049265382069348
1.570829660005984	1.021174927386864	0.052923997725089
1.571455167693784	0.865445152958269	0.042106138706945
1.572079607598425	0.872527656721421	0.042512419202328
1.572704047510342	0.896694929918671	0.042139005892151
1.573329555198143	0.992691951896392	0.051295544338820
1.573953995110060	1.008235197232974	0.049881570292813
1.574579502790584	1.025716845878136	0.052437312099794
1.575203942702501	0.910067551070237	0.044959878813345
1.575829450390302	0.997029212741377	0.048359877978484
1.576453890294943	0.930087290782414	0.046203874684942
1.577079397982743	0.958395522388060	0.052346949112212
1.577703837894660	0.871078390362252	0.044404379845862
1.578328277806577	0.996266064605766	0.047989221902683
1.578953785487101	0.981516784086200	0.048777957881933
1.579578225399018	0.921384928716904	0.045395612922930
1.580828172991460	0.958279963403477	0.049506946388860
1.581453680679260	0.899670635926020	0.047153974287041
1.582078120591177	0.932211142621901	0.050586189024888
1.582703628278978	0.919782062028500	0.045869342115557
1.583328068183619	0.931261855297625	0.047794188372620
1.583953575871419	0.954415445119771	0.049748653666797
1.584578015783336	0.997726875327855	0.052799601922544
1.585202455687977	0.901674911047470	0.045069994587052
1.585827963375777	0.982426025829655	0.047951658859315
1.586452403287694	0.974918678308509	0.050142627251219
1.587077910975495	0.961325078395111	0.047984865661281
1.587702350880136	1.019416630387462	0.051222621092409
1.588327858567936	0.926653569089718	0.048737939607159
1.588952298479853	0.968347594915677	0.050947048447183
1.589577806160378	0.916993018900051	0.045317688212485
1.590202246072295	1.023097024361460	0.051447296051116
1.591452193672012	0.960272417707151	0.048407376225640
1.592076633576653	0.915780590717300	0.047477645392246
1.592702141264454	0.916750795992855	0.049379428264197
1.593326581176370	0.986769654328541	0.050387099983760
1.593952088856895	0.914979757085020	0.048010285750606
1.595202036456612	0.878365908900260	0.044921569614096
1.595826476368529	0.961139251017188	0.045732681380680
1.596451984049054	0.868906087927870	0.045035507631721
1.597076423960971	0.879242174629325	0.046487127708174
1.597701931648771	0.951429526834977	0.048272351166660
1.598326371553412	0.979720344476340	0.049267953357139
1.598950811465329	0.893211100099108	0.041946826230605
1.599576319153130	0.869661204041776	0.047110162847070
1.600200759065046	0.976967032967033	0.049341605104511
1.600826266745571	0.887369959590749	0.047727075327306
1.601450706657488	0.937920463254705	0.048762544217975
1.602076214345288	0.876537971998303	0.049753460172691
1.602700654249929	0.871492373809724	0.045871240233572
1.603326161937730	0.911342483041489	0.048920266489221
1.603950601849647	0.983519186618564	0.054506950476805
1.604576109537447	0.977241693218025	0.053657738390879
1.605200549442088	0.986122863428668	0.053652999203509
1.605824989354005	0.936762946504871	0.049378717501540
1.606450497041806	0.978726859369925	0.051627244899860
1.607074936946447	0.951040172166427	0.048964194929769
1.607700444634247	1.030464991982897	0.051504239227609
1.608324884546164	0.853733268827608	0.042526770170580
1.608950392233965	0.916235950447124	0.048246078264980
1.609574832138605	0.859952857026742	0.041884586237405
1.610200339826406	0.978893178893179	0.050726609125936
1.610824779738323	0.916841736694678	0.046186568612252
1.612074727330764	0.871724137931035	0.046608105131996
1.612699167242681	0.890145395799677	0.045022373589873
1.613324674930482	0.906932495036400	0.045388497590894
1.613949114835123	0.908109875735775	0.046120117665937
1.614574622522923	0.977038299399049	0.055992065506461
1.615199062434840	0.947871572871573	0.049333062264410
1.615824570122641	0.945045509187704	0.049135082041595
1.616449010027281	0.935663224781573	0.048762519769840
1.617698957626999	0.899505766062603	0.046510367513347
1.618948905219440	0.936049058256680	0.049231851263832
1.619573345131357	0.910946793120077	0.044569908030329
1.620198852819158	0.909682139663442	0.046659400916528
1.620823292723799	0.885798567214496	0.046899340867606
1.622073240323516	0.861815068493151	0.045145170296693
1.622698748004041	0.935014963659684	0.051464683895012
1.623323187915958	0.943192948090108	0.046814315414294
1.623948695603758	0.877055400961295	0.046675404881359
1.624573135515675	0.917332893760818	0.046681259350635
1.625823083108116	0.938050043140639	0.049964144322705
1.626447523020033	0.906463004023980	0.047911329911836
