0.622194112074794	0.243483040201005	0.024939283980517
0.622819619755319	0.263627101375446	0.024795964894939
0.623444059667236	0.278187485744697	0.021793028769665
0.624069567355036	0.245382585751979	0.024221606947055
0.625319514947478	0.295050385299348	0.025448847237500
0.625943954859395	0.262949521610030	0.023833680861123
0.626569462547195	0.294963416709205	0.025000643492167
0.627819410139637	0.256924626489844	0.025036652679912
0.630943745243712	0.245209229565898	0.022516147858527
0.632818132748071	0.261177753544166	0.023742571930603
0.633443640428595	0.252806397047517	0.022965754600095
0.634692520252429	0.285408093278464	0.025204086276298
0.635318027940230	0.265608636107307	0.023066913551650
0.635942467844870	0.246870109546166	0.022354814618957
0.637192415444588	0.243580028626758	0.021701613425069
0.637817923125112	0.257963822634865	0.024252188568823
0.638442363037029	0.279214481978342	0.025875787342163
0.639067870724830	0.263260076104683	0.025870013514347
0.639692310636747	0.240691367104900	0.027423478797015
0.640317818317271	0.238060723202062	0.022489090199448
0.640942258229188	0.297208281053952	0.023795846619998
0.642192205821630	0.251928681638951	0.025944827550803
0.643442153421347	0.254067053331447	0.022544387258556
0.644066593333264	0.255570226109919	0.024956018962293
0.645316540925705	0.258079735786742	0.025012245617978
0.647191996205947	0.267563654943371	0.026602635705873
0.647816436117864	0.257698815566836	0.022955889529536
0.648440876029781	0.291100262861434	0.028582107433444
0.649066383710306	0.299262629432068	0.028781903847440
0.649690823622223	0.276570525483998	0.024645099371960
0.650316331310023	0.264817566452039	0.026254233451752
0.650940771214664	0.253495160546935	0.024057667997894
0.651566278902465	0.268992500815129	0.023849396940773
0.652190718814381	0.274319066147860	0.023980729998981
0.652816226502182	0.267747660535657	0.024139230022949
0.654066174094623	0.253720176240751	0.025152550368258
0.654690614006540	0.273764564081961	0.027148328997707
0.655315053911181	0.271242098349889	0.026134608991225
0.655940561598982	0.267458661101300	0.025142258230020
0.656565001510899	0.250145578570834	0.023884829639141
0.657190509198699	0.280909166597286	0.022872600418192
0.659064896703057	0.240433093644103	0.025530125358003
0.659690404390858	0.292079588230775	0.028193535495819
0.660314844295499	0.241111667501252	0.024977970986791
0.660940351983299	0.283721993598537	0.025881999302619
0.661564791895216	0.262687848862173	0.025403396710503
0.662189231799857	0.251328837762793	0.024765739715735
0.662814739487658	0.263526817358431	0.024340281121416
0.663439179399575	0.257508427827153	0.027767111646592
0.664064687087375	0.256391040053293	0.023137617655013
0.664689126992016	0.240070046963305	0.023814557073720
0.667189022184175	0.300848484848485	0.024863961212697
0.668438969783892	0.289239576081071	0.026847492569263
0.669063409688533	0.241290100034495	0.024594644099529
0.669688917376334	0.267718353212774	0.023862733530864
0.670938864968775	0.271470220741358	0.024460173640903
0.671563304880692	0.295216280503920	0.027602326490697
0.672188812568493	0.251582034264547	0.025160882862837
0.672813252480410	0.294845881758464	0.028156694765297
0.673438760160934	0.252465174518704	0.024682023783448
0.674063200072851	0.259762709200911	0.026142496176443
0.674688707760652	0.275483533716675	0.024783215270902
0.675313147665292	0.255549089699892	0.028192255688302
0.675937587577209	0.273126266036462	0.026719103471007
0.676563095265010	0.274886787955827	0.024454705804065
0.677813042857451	0.268698504119670	0.023083618525838
0.679062990457169	0.306046013911182	0.027131270682637
0.679687430361810	0.300985534891114	0.025201711891459
0.680937377961527	0.261095334685598	0.023398768766068
0.683437273153686	0.282430785303848	0.024103963527426
0.684061713058327	0.304452767374116	0.024576400501761
0.685937168345845	0.265737665073321	0.025704863057245
0.686561615722894	0.240578705709088	0.022882943274328
0.687187115938286	0.279548798430603	0.025328709485445
0.687811563315336	0.253645789429318	0.023886134727631
0.689061510907777	0.245393570272146	0.022477114172208
0.689685950819694	0.238793322599780	0.024029591493032
0.690935898419411	0.303336368904711	0.024937189919792
0.691561406099936	0.280905446040762	0.026471771512351
0.692185846011853	0.251105927772863	0.023677472001549
0.692811353699653	0.275557578516158	0.025844738287741
0.693435793604294	0.254814814814815	0.024694793071775
0.694061301292095	0.257009345794393	0.025816493360143
0.694685741204012	0.271276979715585	0.025138827453815
0.695311248891812	0.304671084532083	0.027020259723850
0.695935688796453	0.265070711859050	0.023000187808804
0.696560128708370	0.294506949040371	0.027113557810696
0.697185636396171	0.268593222825290	0.025282654783266
0.697810076300811	0.271780093105742	0.028384133781851
0.699685531588329	0.249252930809900	0.025214597449885
0.700309971492970	0.254370556252614	0.023889612293799
0.700935479180771	0.281045751633987	0.025270680152021
0.702185426773212	0.281891870622492	0.026865426763199
0.702809866685129	0.241443633414436	0.025320260627097
0.703434306597046	0.266656882888171	0.025363726157764
0.704059814284847	0.281232626479231	0.027119151644856
0.704684254189488	0.242118328506413	0.026168104161909
0.705309761877288	0.293882766331257	0.026761156164004
0.705934201789205	0.301011931732367	0.027070710880626
0.707184149381646	0.264553740044339	0.024086609458185
0.709058536886005	0.282161645145863	0.024987844116038
0.710308484485722	0.247366715281154	0.029419435064761
0.710933992166247	0.283827344917053	0.027625283890307
0.711558432078164	0.299233561920129	0.028512141460314
0.712183939765964	0.272860277980980	0.024656166005591
0.713433887358406	0.277930008611916	0.022910874864514
0.714058327270322	0.246410338225909	0.024806114364614
0.716558222462481	0.283439009661836	0.024138413688789
0.717182662374398	0.259634275351368	0.026979424913271
0.717808170054923	0.284385175996278	0.024363581735692
0.718432609966840	0.262979248630718	0.025174786915405
0.719058117654640	0.275918944392083	0.028811146920083
0.720308065247082	0.307738769346923	0.025289178928243
0.724056840255798	0.258300238284353	0.024877095449036
0.724682347943599	0.285224463758871	0.025261913365031
0.726556735447957	0.239930555555556	0.024431234018962
0.727806683047675	0.248197066688275	0.024327891695578
0.730306578239833	0.261066688648916	0.024551306297750
0.730931018144474	0.267613922986380	0.026223827322119
0.731556525832275	0.256371277832424	0.027419066815652
0.732806473424716	0.281327516893337	0.025687237362261
0.733430913336633	0.256475047378395	0.028881217547774
0.734680860936351	0.280202738482487	0.025222560573154
0.735306368616875	0.238960000000000	0.022137256265266
0.735930808528792	0.243377749237438	0.022313704304932
0.736555248440709	0.247273032387985	0.025313015334002
0.737180756121234	0.258428791940856	0.023655524236469
0.737805196033150	0.246472248353716	0.022503724593075
0.738430703720951	0.280393300558287	0.027284149238796
0.739680651313392	0.274078024992380	0.025371771028666
0.740930598913110	0.298016005335112	0.027287798049457
0.742180546505551	0.309655937846837	0.027734897420539
0.744054934009910	0.271964772488991	0.025823905047641
0.744679373921826	0.241048795944233	0.023406078889749
0.745304881609627	0.301669973544974	0.026635335427100
0.746554829202069	0.266349430904765	0.027620685288612
0.747804776801786	0.282878840179496	0.025849149881876
0.749054724394227	0.253349187475228	0.024863603257707
0.750303604210785	0.257930019620667	0.024952483789976
0.750929111898586	0.286292654713707	0.026869027720347
0.753429007090745	0.261314781521144	0.024137193275534
0.755928902282903	0.251617541337167	0.025163484884938
0.757177782099461	0.304062598798609	0.027204017225873
0.758427729699179	0.289786223277910	0.026409068179477
0.759053237386979	0.269708878017483	0.028581342664101
0.761553132571862	0.275041322314050	0.025183864685126
0.762177572483779	0.305893974316760	0.025689415475791
0.762802012395696	0.262292514876292	0.023556003720982
0.763427520083496	0.280003514320857	0.028610015017939
0.764051959988137	0.287130308646950	0.029914919630023
0.764677467675938	0.291867161000237	0.028708557785911
0.765301907587855	0.244627841793834	0.024808341992424
0.766551855180296	0.255487756557572	0.024918450158307
0.767177362868097	0.256665050896752	0.024897233471158
0.767801802780014	0.277216706607326	0.025470651559913
0.768427310460538	0.262940642285148	0.025348046279425
0.769051750372455	0.253853053901982	0.026621136068008
0.769676190284372	0.276670108825165	0.028568962668833
0.770301697964896	0.276519756838906	0.030060935124641
0.770926137876813	0.297455654546914	0.030895738293429
0.771551645564614	0.275880032745404	0.030040627606832
0.772176085476531	0.284574919395893	0.026944337931676
0.772801593157055	0.265980498374865	0.023699387987674
0.773426033068972	0.241696737609544	0.023066285498990
0.774051540756773	0.277234128588759	0.028496411073026
0.774675980661414	0.257374034571534	0.027237005847477
0.775301488349214	0.274158354114713	0.024389791592065
0.776550368173048	0.276388041488713	0.027121814013563
0.777800315765489	0.267011197243755	0.029812304664031
0.778425823453290	0.308930599158373	0.026936663915069
0.780300210957648	0.278878415082282	0.027395659182952
0.781550158550090	0.271118505634122	0.028752888256940
0.783424546054448	0.284493806065784	0.027761021145430
0.784050053742249	0.276536101219789	0.025679348383207
0.784674493654165	0.275786282682834	0.025449571046321
0.785300001341966	0.286993402450518	0.025150063139591
0.785924441246607	0.246602259701981	0.024361570189763
0.786549948934407	0.270582647245092	0.025045083845167
0.787174388846324	0.265089135822208	0.026566289699004
0.788424336438766	0.243334949103248	0.023322780119249
0.789049844126566	0.275429595243912	0.026499520861650
0.790298723943124	0.243004291845494	0.024671634797892
0.790924231630925	0.288105522986732	0.030987175794785
0.791548671542841	0.283681350114416	0.029561150891240
0.792798619135283	0.267704280155642	0.025529720476049
0.794048574200133	0.296001214052660	0.028294707481113
0.794674074415525	0.288098236775819	0.027140875743004
0.795298521792574	0.272534624990540	0.027001469901607
0.795924022015242	0.301521316115337	0.029007581551770
0.796548469392292	0.239069550334526	0.023240859704333
0.797172909296933	0.291430848943802	0.025333663335087
0.799048364584451	0.287479043501279	0.024593649111280
0.800922752088809	0.248415922014622	0.023680280622202
0.802172699681250	0.258473181967753	0.023953679321694
0.802798207369051	0.251883991778945	0.022621038336050
0.804047087185609	0.283704470913171	0.026180421232219
0.804672594873409	0.251001964636542	0.021411628659283
0.805297034785326	0.277268942547877	0.023512579219733
0.805922542465851	0.273530175772794	0.024376072028806
0.806546982377768	0.271319910514541	0.026982073916183
0.807796929977485	0.250232558139535	0.026891857211301
0.809046877569926	0.277786536339272	0.027501826425343
0.809672385257727	0.270227612560226	0.025232453812100
0.810921265074285	0.297840655249442	0.026071574659015
0.811546772762085	0.257218050932735	0.024779195286565
0.812171212674002	0.239880175128658	0.022612817306989
0.812796720354527	0.260337413165729	0.024620295177700
0.813421160266444	0.303261882572227	0.024614811119756
0.814046667954244	0.274920852228972	0.026876141489761
0.814671107858885	0.238869373417204	0.023642750449236
0.817171003051044	0.239201749589940	0.025190318848943
0.817795442962961	0.253892017224246	0.028226564902163
0.818420950650761	0.238604686205078	0.023313199722676
0.819045390555402	0.261426705843944	0.023207333007358
0.819670898243203	0.293265565438374	0.029401129838857
0.820295338155120	0.276806258628624	0.024843742525428
0.821545285747561	0.276939970717423	0.024876123762397
0.822170793435362	0.252973395931142	0.024267828515216
0.822795233347279	0.294013788464772	0.026331327830874
0.823420741027803	0.238926174496644	0.026284593184868
0.824045180939720	0.239038069340585	0.024972921212727
0.824669620851637	0.255547112462006	0.024305022007736
0.825295128539437	0.269122041838301	0.026399880154757
0.825919568444078	0.252089374040594	0.027025848757598
0.826545076131879	0.244044420562422	0.027118440119377
0.827169516043796	0.261394790952707	0.024417007223738
0.828419463636237	0.310185596305834	0.029938393135439
0.829044971324038	0.274612597332511	0.028165924454703
0.829669411235955	0.293036500129433	0.030020541161681
0.830294918916479	0.271115070046158	0.024415081842597
0.830919358828396	0.244137101623572	0.023382931551591
0.831543798740313	0.241111294856954	0.023727370873103
0.832793746332754	0.276152273084788	0.025462611280928
0.833419254020555	0.270673522717694	0.028644728657655
0.834043693932472	0.245162812647475	0.024568943401436
0.834669201612996	0.299290883836538	0.035320607425097
0.835919149212714	0.297826399884842	0.033994476847158
0.837169096805155	0.307122960604855	0.028032800134496
0.838417976628989	0.269998350651493	0.025301340025230
0.839667924221430	0.276508776148113	0.024512582910717
0.840293431909231	0.284110324627776	0.029545737235554
0.841543379501672	0.276810414971522	0.030062181635433
0.842793327101390	0.304205308602494	0.028954467814736
0.844042206917948	0.265260581629715	0.026876195623299
0.844667714605748	0.244152836742570	0.025666281738472
0.845292154517665	0.281735799012746	0.027002135692519
0.845917662198190	0.291207008436080	0.026837165525294
0.847167609797907	0.270816021273060	0.027586300472857
0.847792049702548	0.279400969020702	0.025797412323576
0.848417557390349	0.259435300794552	0.025064310981014
0.849041997302265	0.280304159833010	0.025945670100142
0.849667504990066	0.283910947899931	0.026218975424529
0.850291944894707	0.251071489799417	0.025174027810775
0.850916384806624	0.272454142947502	0.025050050162862
0.851541892494424	0.262074303405573	0.023227384544471
0.852791840086866	0.265917302288238	0.026183241954799
0.854041787686583	0.269765133972875	0.024935678219958
0.854666227591224	0.280997859377573	0.027142713005280
0.855291735279025	0.247116471918583	0.029668122519218
0.855916175190941	0.276296911575927	0.025074730184135
0.857790562695300	0.268809964652415	0.025259031351173
0.858416070383100	0.289862286377966	0.027349591674300
0.859040510287741	0.266707682842421	0.024101212064705
0.859666017975542	0.272518694765466	0.025377406635117
0.860290457887459	0.273096026490066	0.027069814777316
0.860915965567983	0.279750519750520	0.026297439233852
0.861540405479900	0.299091488683456	0.027301932537953
0.862165913167701	0.269988322304399	0.024830764572461
0.862790353079617	0.298916010294003	0.026023000734580
0.863415860760142	0.277054609874451	0.028395749764420
0.865290248264500	0.251496574107465	0.025052076206149
0.865914688176417	0.239587998208688	0.023163925154466
0.866540195864218	0.303424657534247	0.026789644505754
0.867164635776135	0.272686713661105	0.026880197532684
0.867790143456659	0.283026113671275	0.030314369691401
0.869040091056377	0.257926880281101	0.026310892852328
0.869664530961018	0.261500240423145	0.024149820717306
0.871538918472652	0.273244221253969	0.024367692768130
0.872164426153176	0.238330451963448	0.023178135808662
0.872788866065093	0.255461215068832	0.024119158580709
0.874038813657535	0.249165105481795	0.026988794862919
0.874664321345335	0.277863588326152	0.026621058048480
0.875288761257252	0.291628684290489	0.024740566033680
0.875914268945053	0.288631127353619	0.027317684696831
0.876538708849694	0.303727139439772	0.025405942478305
0.877164216537494	0.281071221291767	0.026381295470593
0.877788656449411	0.267591756301831	0.026394173203974
0.879663043953769	0.302657392545033	0.025330811003252
0.880912991546211	0.239856429463171	0.024245433518398
0.881538499234011	0.252056843679880	0.024098834135915
0.882162939145928	0.310205869469996	0.026657425711256
0.882788446826453	0.242208156397725	0.023538989182499
0.883412886738370	0.304127198917456	0.026603201308556
0.884038394426170	0.241272933917844	0.025543572236519
0.884662834338087	0.240071036486923	0.023464201264760
0.885287274242728	0.248752615483663	0.022676325064644
0.885912781930529	0.289214855011023	0.028264529452227
0.886537221842445	0.268807490144547	0.027011113979314
0.887162729522970	0.275230079446236	0.025768306143160
0.889037117034604	0.261740447736071	0.023850737688106
0.890287064627046	0.285966886352676	0.025796368703275
0.890911504538963	0.277043478260870	0.026992472221364
0.891537012219487	0.256717975476128	0.025938277789706
0.892161452131404	0.247024673439768	0.026332036092638
0.892786959819205	0.280038681602063	0.026405457844860
0.894036907411646	0.238872535902239	0.021911914403889
0.894661347323563	0.277680698967434	0.026590036589313
0.896536802603805	0.271117636897564	0.024299730642403
0.897161242515722	0.270385645032921	0.028764863190803
0.899035630020080	0.289303930393039	0.029706335186280
0.900285577612522	0.238429515957881	0.025904079543852
0.900911085300322	0.242626070409134	0.024866843506700
0.902161032900040	0.294060684312460	0.027015184238744
0.903410980492481	0.311238276903513	0.028281597949032
0.905285375461972	0.258142664872140	0.028171581668722
0.905909815373889	0.293949070662409	0.027597439252527
0.909035218253848	0.275130305286672	0.024661060253524
0.909659658158489	0.262263995382966	0.023569328453134
0.910909605758206	0.265276893698281	0.023074255595853
0.912159553350648	0.265907568653717	0.028515003202321
0.913409500950365	0.238357289527721	0.024497325667610
0.914033940855006	0.309909268813378	0.028247007691121
0.914659448542807	0.269763723574347	0.024980212973443
0.915283888454724	0.244645525485638	0.023721819576102
0.917159343734966	0.264529847220035	0.026778111755040
0.918408223551523	0.243997342697162	0.022983975960808
0.919033731239324	0.250353495679497	0.024976096851680
0.919658171151241	0.243989147721957	0.022156818604107
0.922158066343400	0.267585268350770	0.025727713063095
0.922783574031200	0.252414625733011	0.025045631457700
0.924657961535559	0.245343991836040	0.025255449490754
0.926532349039917	0.265682326621924	0.027344712367316
0.927782296632358	0.255872849532792	0.025021760932520
0.928407804320159	0.241639230635938	0.024629385346176
0.929657751912600	0.245394318903712	0.024756541859381
0.930282191824517	0.245209713024283	0.024498771331037
0.930907699512318	0.294483686511941	0.027073239006834
0.931532139424235	0.268913189020308	0.027244308822548
0.932782087016676	0.238075521695926	0.027473999460327
0.933406526928593	0.260133237017417	0.028391567126481
0.934032034609118	0.291726105563481	0.027398155632440
0.934656474521034	0.245388178035953	0.026094535919236
0.935281982208835	0.273561763076680	0.026060562379339
0.936531929801276	0.249189146428289	0.029887626617102
0.937781877400994	0.255930288849443	0.023687231337731
0.938406317305635	0.247783210408552	0.025425215269624
0.939656264905352	0.258952672305201	0.026674140451022
0.940906212497794	0.267655428127964	0.026471319584580
0.941530652409710	0.246104336043360	0.025381216361704
0.942156160097511	0.248070953436807	0.025615816001761
0.942780600002152	0.282646837663965	0.026765471355088
0.943406107689952	0.259573416783332	0.026136819475402
0.945280495194311	0.300913060738388	0.029238224530444
0.947780390386470	0.288023995903138	0.028176692419037
0.948404830298387	0.288871411718443	0.030359801035795
0.949030337986187	0.297979797979798	0.029890813481662
0.950280285578629	0.304351005484461	0.031653023861822
0.950904725490545	0.288998502598432	0.028688408574726
0.951530233171070	0.287824383874653	0.028964533567865
0.952154673082987	0.289987973541792	0.028388068521643
0.954654568275146	0.279987196927263	0.031308837678147
0.955279008187063	0.266731158209480	0.029828051852731
0.955904515867587	0.280034037286300	0.027946469590305
0.957154463467305	0.261833538623966	0.029422773011486
0.957778903379221	0.288099882949668	0.027342374950413
0.958404411059746	0.277745412175939	0.029384826950565
0.960278798564104	0.285747410728088	0.030093486445945
0.960903238476021	0.273604465709729	0.029510810849813
0.961528746163822	0.257415078707539	0.026550083008903
0.962153186075739	0.301430337277062	0.027414002776924
0.962778693756263	0.255977980388784	0.031290395210199
0.963403133668180	0.285714285714286	0.032030580447784
0.964653081260622	0.299065420560748	0.030694676389240
0.965277521172538	0.299442777539649	0.028285069592277
0.965903028860339	0.307731914528448	0.032106505426108
0.966527468772256	0.292445482866044	0.036516288925621
0.967152976452780	0.309392265193370	0.034906644038625
0.967777416364697	0.272897487907630	0.030568845128879
0.968402924052498	0.280389785902269	0.029309664269482
0.970277311556856	0.241977186311787	0.026850821023497
0.970902819244657	0.253988016496771	0.027658655736528
0.971527259149298	0.248696643857934	0.026301527758905
0.972151699061214	0.299152414106251	0.032501580473403
0.972777206749015	0.259922885007938	0.027525557862337
0.973401646653656	0.304512622470142	0.027059979498724
0.974027154341456	0.291218494140311	0.027869841301575
0.974651594253373	0.249661974071423	0.023796817065380
0.975277101941174	0.303777369212770	0.029222687482202
0.975901541845815	0.294612794612795	0.026716530859620
0.976527049533615	0.280901400014973	0.028927777911272
0.977151489445532	0.279733666250520	0.027403402685731
0.977776997126057	0.254494155582426	0.025121760499132
0.979025876949891	0.290596312581964	0.028069030274824
0.979651384637691	0.274934597776324	0.028952172694916
0.980275824542332	0.268623193830950	0.028914450545893
0.980901332230133	0.264778325123153	0.025194173181418
0.981525772142049	0.281891168599465	0.026963854677314
0.982151279822574	0.257549250779646	0.025566149203027
0.982775719734491	0.251809994702455	0.025908137290028
0.983401227422291	0.290248857287963	0.025995642352374
0.984025667334208	0.259331030415368	0.024562204971548
0.984651175014733	0.259827044025157	0.025121980169926
0.985275614926650	0.251802265705458	0.026024937373160
0.985900054838567	0.246825669183253	0.024131509563336
0.986525562519091	0.256051374938251	0.025452214484491
0.987150002431008	0.283104271253395	0.028567411429161
0.988399950030725	0.252328265541670	0.027136508420494
0.989025457711250	0.299786416061512	0.030611104465803
0.989649897623167	0.294362405156237	0.026560405826381
0.990275405310967	0.290851577457754	0.028340596543959
0.990899845215608	0.279752949560535	0.027028635200077
0.991525352903409	0.272395622213214	0.027166872571572
0.992774232727243	0.249624060150376	0.025308430293159
0.993399740407767	0.239668102760491	0.025199036277489
0.994649688007485	0.308276140492531	0.031237070054269
0.995274127912126	0.275157486674204	0.027664316092551
0.995899635599926	0.246738513896767	0.027057679854134
0.996524075511843	0.241604144337263	0.026324621575221
0.997149583199644	0.265096427442302	0.024121989864735
0.997774023104284	0.260286145916644	0.029332717956296
0.998399530792085	0.288792115516846	0.029530456650259
0.999023970704002	0.259912233428285	0.030001043348731
0.999648410608643	0.292949662607617	0.028458285934847
1.000273918296443	0.282323443376515	0.024674354607664
1.001523865896161	0.266490975882447	0.032355252473514
1.002773813488602	0.248073596477434	0.026607595858878
1.003398253400519	0.305734536082474	0.029893321285521
1.004023761088320	0.287085367907055	0.027361527782751
1.004648200992960	0.294005944517834	0.028969537084025
1.005273708680761	0.262480402673488	0.026131295190491
1.005898148592678	0.291838077999013	0.026249738792071
1.007148096185119	0.268732998104031	0.025963789137711
1.007772536097036	0.254079064859161	0.027784395511044
1.008398043784837	0.250075964752355	0.028093811220176
1.009022483689478	0.266206535034073	0.027945288531643
1.010272438754328	0.273680839138442	0.029754750706411
1.010897938969720	0.242846780043524	0.031195450511540
1.011522386346769	0.291965389369592	0.029994394183605
1.012147886569437	0.251400070003500	0.029807731246434
1.012772333946486	0.296248797691568	0.030021111356027
1.013396773851127	0.256447511805303	0.028680572896155
1.014022281538928	0.250344299923489	0.026739796840624
1.014646721450845	0.262903615427973	0.029808627698363
1.015272229138645	0.287819407430632	0.029255507777475
1.015896669043286	0.282292686600889	0.031244845758722
1.016522176731087	0.256701030927835	0.029919965368955
1.017146616643004	0.252547307132460	0.030021845243237
1.018396564235445	0.282661095934437	0.028476867556856
1.019022071923246	0.274465049928673	0.030383747224128
1.019646511835163	0.286012203599289	0.030635815893771
1.020270951739803	0.286931145989431	0.026962246369583
1.020896459427604	0.246500956022945	0.028880856650864
1.022770846931962	0.266726740256815	0.028461701817730
1.023396354619763	0.288610274362941	0.027993572302562
1.024646302212204	0.281012210228278	0.030842643473801
1.025270742124121	0.250980078406272	0.027349664461424
1.025895182036038	0.257166057653268	0.028126300507315
1.026520689723839	0.262646234964574	0.028009526625891
1.027770637316280	0.278080435827592	0.027123095522056
1.028395077228197	0.239908481778068	0.026319660434650
1.029020584908722	0.252897603485839	0.026472406817473
1.029645024820638	0.256912058627582	0.025817442886484
1.030270532508439	0.284401349072513	0.026973145350927
1.030894972420356	0.287227830149328	0.026986575310764
1.031520480100880	0.259226943547683	0.027577868273258
1.032144920012797	0.260838215412348	0.026665349176940
1.032769359924714	0.266984226143995	0.027872477033399
1.033394867605239	0.279383129527222	0.028401289087005
1.034644815204956	0.265040523690773	0.031307708535566
1.037144710397115	0.256305798734506	0.027347556691387
1.037769150301756	0.289671710907136	0.029975076902064
1.038394657989556	0.308717866836979	0.027910980841191
1.039019097901473	0.258328311956615	0.028408224061634
1.039643537813390	0.288520468295749	0.028555570616974
1.040269045493915	0.248081428225220	0.026211095130150
1.041518993093632	0.245355793450882	0.024798227537511
1.042143432998273	0.302677138755173	0.025827450439125
1.042768940686074	0.269874660355859	0.028568163712720
1.043393380597990	0.277122458482074	0.028047191237203
1.044018888285791	0.299301848049281	0.028077775606995
1.044643328190432	0.239649811814760	0.025304558334854
1.045268835878232	0.242218246869410	0.022493695880728
1.045893275790149	0.254128440366972	0.025772419175964
1.046517715694790	0.239269643475251	0.024923129669416
1.047143223382591	0.276236749116608	0.025592479124276
1.047767663294508	0.265005951368815	0.025419844386909
1.048393170982308	0.289635810652733	0.028353461191136
1.049643118574750	0.257129840546697	0.029466079866765
1.050267558486667	0.270603610226252	0.026263628549509
1.052143013766909	0.307887801204819	0.030289796595567
1.052767453678825	0.300343146108001	0.028626421142324
1.053391893583466	0.294913896676011	0.028439352730309
1.054641841183184	0.272076372315036	0.026674243261651
1.055267348863708	0.265559812686249	0.026097618491315
1.055891788775625	0.281486407847701	0.029222738414829
1.056517296463426	0.309866137828458	0.033325467822852
1.057767244055867	0.301961070204855	0.035219186063347
1.058391683967784	0.296741391264155	0.031967580663037
1.060891579159943	0.265917912296639	0.032531922639129
1.062765966664301	0.298558682223747	0.028741493627168
1.064015914256743	0.309023789991797	0.029301439904967
1.064641421944543	0.264407828575849	0.026197998780294
1.065265861856460	0.282790240707385	0.028749439764913
1.065891369544261	0.283214197683017	0.029278766843462
1.067140249360818	0.261374636979671	0.027215800905922
1.068390196953260	0.266108417805201	0.026320570300677
1.071515599833219	0.260543038705950	0.027828216930627
1.072140039745136	0.251348920863309	0.027669388237767
1.072765547425661	0.261192754613807	0.028815148452296
1.074014427249494	0.299293008641005	0.028611289723229
1.075264374841936	0.259888879674932	0.028566981539013
1.075889882529736	0.239993854190674	0.028147275422318
1.076514322441653	0.308361413682313	0.031037835679788
1.078389777721895	0.285312060065697	0.027479024082395
1.079014217633812	0.266839990545970	0.027423368191430
1.079639725314337	0.265106198526225	0.027778438974453
1.080264165226254	0.243597329050799	0.027316284248953
1.081514112818695	0.275898954990537	0.027672781638250
1.082138552730612	0.291194271588100	0.031773690372029
1.082764060418413	0.301219919786096	0.030235770032468
1.083388500330329	0.292343934040047	0.027045047014605
1.084014008010854	0.265260173448966	0.024941947713332
1.084638447922771	0.272639097081386	0.026767378695123
1.085263955610571	0.258571187299443	0.027489890932317
1.085888395515212	0.270629826030328	0.026782901155197
1.087762783026847	0.272607003891051	0.032665193449385
1.088388290707371	0.290810007431261	0.029205042359193
1.089012730619288	0.268925676840835	0.026689413131208
1.089638238307089	0.299283452757874	0.028155871050078
1.090262678219005	0.272663263509945	0.027803703752336
1.090888185899530	0.241200744396796	0.025908528032762
1.091512625811447	0.278737855730376	0.028178338909472
1.093387013315805	0.293240812130558	0.027568568762243
1.094012521003606	0.288038200064746	0.025842527202133
1.094636960915523	0.263613539953251	0.028822698545386
1.095262468596047	0.251910879817857	0.024852790096624
1.095886908507964	0.239314073323197	0.025468818384594
1.096512416195765	0.264925373134328	0.026334291482153
1.097136856100406	0.256609510938424	0.027075248501038
1.097762363788206	0.277375989109164	0.026924686434844
1.098386803700123	0.293951478896643	0.028411588150104
1.099636751292564	0.290830017581197	0.028737075278329
1.100886698892282	0.256158917418459	0.026337473314527
1.102136646484723	0.303722430476855	0.028448020262111
1.102761086396640	0.269971785570335	0.026426729090162
1.103386594084441	0.255808143892081	0.026900878862807
1.104011033989082	0.238380310966991	0.025088975178998
1.104636541676882	0.257159555815313	0.026305984774043
1.105260981588799	0.265811742126843	0.025971233335089
1.106510929181240	0.266821904608961	0.025635234675695
1.107760876780958	0.285587661762099	0.025708404512036
1.108385316685599	0.250584159213601	0.026521308301146
1.109010824373399	0.287752173546045	0.028066716520466
1.110260771965841	0.252814738996929	0.026326013631086
1.110885211877758	0.271619014208034	0.026374119680405
1.111510719565558	0.248630487181360	0.025656842106190
1.112135159477475	0.257774927861494	0.028862953389645
1.112760667158000	0.298374128997677	0.030283875061723
1.113385107069917	0.281009275271184	0.030973766746893
1.114009546981833	0.270901410695784	0.029094503398511
1.115259494574275	0.240573597638127	0.027060777791988
1.115885002262075	0.274039892825246	0.028192536805660
1.117759397231566	0.277934936350778	0.028183647503370
1.120259292423725	0.256303943137587	0.026771552773506
1.121509240023443	0.258890469416785	0.027075792522100
1.123383627527801	0.274892769607843	0.028057236017206
1.125259082808043	0.284278598269685	0.026520382842975
1.125883522719960	0.247093513058130	0.027204898379452
1.126509030400484	0.277792174138378	0.029719267283235
1.127757910224318	0.305864250299196	0.028487679298834
1.128383417904843	0.274469889737065	0.028063514835245
1.130257805416477	0.260749676863421	0.030268383541693
1.130883313097002	0.246894152724863	0.027580101310927
1.131507753008918	0.291001451378810	0.027399003640683
1.132133260696719	0.297588629830725	0.025810185137346
1.132757700601360	0.296699375557538	0.028907627750336
1.133383208289160	0.259915014164306	0.027095897332576
1.134007648201077	0.264361840395113	0.027622104357584
1.134632088112994	0.276865606810877	0.029031171337060
1.136507543393236	0.275590551181102	0.027378675056374
1.137757490985678	0.263839322765375	0.024232073896412
1.138381930897594	0.275520235949533	0.026714649826972
1.139631878490036	0.249226538329323	0.024738007202954
1.140881826089753	0.249178872614292	0.026837233684236
1.141506265994394	0.284250269687163	0.027698509778225
1.142131773682195	0.243113559623245	0.027007870296417
1.142756213594112	0.269904812739080	0.028336417367267
1.143381721281912	0.258294488620784	0.026327274869611
1.144006161186553	0.276453691483581	0.023641877463840
1.144631668874354	0.281316536550745	0.026309574350798
1.145256108786270	0.244711665057491	0.024991543840294
1.145881616466795	0.253874354274288	0.023828402960497
1.146506056378712	0.249626726390444	0.025839612276458
1.147130496290629	0.245074571902044	0.026007463358662
1.147756003978429	0.244764285098681	0.027804582336859
1.148380443883070	0.277589889640441	0.027315460359373
1.149005951570871	0.276597709641670	0.028044012959850
1.149630391482788	0.266593627316717	0.026591844092258
1.150255899163312	0.262409027720991	0.024410594238563
1.150880339075229	0.241892865721835	0.023261353595266
1.152755794355471	0.255541614387286	0.025309090995677
1.153380234267388	0.243977711101586	0.026492527991698
1.154004674179305	0.286970734744707	0.027512024468072
1.154630181859829	0.305901774659513	0.029085028634066
1.155254621771746	0.292179085282534	0.032097356135518
1.155880129459547	0.279192695819318	0.027743133385914
1.156504569371464	0.251218662952646	0.026026301433760
1.157130077051988	0.278363189322093	0.026978537055621
1.157754516963905	0.296414342629482	0.026685852458229
1.158380024651706	0.277691377224814	0.027089616802257
1.159629972244147	0.285210949498600	0.028858878241332
1.160878852067981	0.310458112794306	0.030311500611256
1.161504359748506	0.267898581865062	0.027746408955269
1.162128799660422	0.267200380469245	0.028691687897396
1.162754307348223	0.264996138333476	0.028722350828048
1.164004254940664	0.259449290234308	0.029630753351877
1.164628694852581	0.262428048142334	0.029947608918820
1.165254202540382	0.251544571932921	0.029397102567639
1.167753029949381	0.252033768227168	0.030655381099928
1.168378537637182	0.272100313479624	0.030806671408161
1.169002977549098	0.280820284556077	0.027267064336512
1.169628485236899	0.256743945531328	0.028203696613606
1.170252925141540	0.271670744494932	0.030200275470215
1.170878432829340	0.303322873923888	0.031156146161102
1.172752820333699	0.266900865392854	0.025903492132526
1.173378328021499	0.254694525257868	0.028136371926679
1.174627207838057	0.250587314017228	0.026701037994266
1.175252715525858	0.258794845001742	0.028270210254461
1.176502663125575	0.291326127076193	0.027871549954481
1.177127103030216	0.279624526352050	0.028815203571264
1.179626998222375	0.256368855400072	0.029172880894642
1.180876945822092	0.246955233706386	0.024973283282725
1.181501385726733	0.273980867017151	0.026949979436350
1.182126893414534	0.284692417739628	0.026916036738297
1.182751333326451	0.273015329279781	0.028535311766756
1.183376841006975	0.263544610415826	0.024571660113498
1.184626788606693	0.300125997480050	0.029236283886491
1.185251228518609	0.304102434504254	0.028678264411099
1.185876736199134	0.281928096725118	0.029526575219770
1.186501176111051	0.289830069869749	0.028711022262370
1.187126683798851	0.277271974838603	0.026092960050843
1.187751123703492	0.280540540540541	0.026671551398524
1.188375563615409	0.283999314011319	0.028423784986324
1.189001071303210	0.261495469557117	0.029705674325999
1.189625511215127	0.300921435499515	0.028948918850777
1.190251018895651	0.237782429798600	0.029553616733360
1.190875458807568	0.278113177171376	0.027933845871432
1.191500966495369	0.282690537940266	0.027905123618903
1.192125406400010	0.241604230938740	0.030306000934591
1.194000861687528	0.295215969712614	0.029477084914234
1.195249741504085	0.259390190013257	0.027109402576244
1.195875249191886	0.251775506668976	0.027525203041161
1.196499689096527	0.255766774363213	0.027149830522001
1.197125196784327	0.295066734245650	0.028970222096200
1.198375144384045	0.289422009732776	0.028493526935175
1.199625091976486	0.279454390451833	0.026337245884588
1.200249531888403	0.279496304407336	0.028959062735416
1.200875039568928	0.269684872165124	0.027609349909272
1.201499479480844	0.292930160639120	0.030520485259241
1.202123919392761	0.292156240076215	0.026625376353815
1.203373866985203	0.292745201620004	0.028470634783065
1.203999374673003	0.292020234986945	0.026785280800293
1.205249322265445	0.242734449553223	0.028102788554404
1.205873762177362	0.242922454721294	0.025964556563617
1.207123709777079	0.283779502613654	0.027642366147144
1.207749217457604	0.279709560306575	0.026316338617254
1.208373657369521	0.278203723986857	0.030239662567582
1.208998097281437	0.279230902477048	0.028517417946621
1.209623604961962	0.253842123646525	0.024315864462228
1.210248044873879	0.267279980460799	0.025778798338795
1.210873552561679	0.274214157935088	0.028018251505539
1.212123500154121	0.283935046507962	0.031333054350531
1.212747940066038	0.299263490154817	0.032967706238353
1.213997887658479	0.281905978130737	0.025659501382140
1.215872275170113	0.289029367048092	0.032691658852752
1.216497782850638	0.301089324618736	0.039449902707008
1.217747730450355	0.311224489795918	0.032969863106202
1.218372170354996	0.279682723291746	0.031723850619638
1.219622117954714	0.266151006416454	0.032567066640891
1.221496505459072	0.270909244979239	0.030366098582591
1.222122013146873	0.274875207986689	0.032062856652133
1.222746453051514	0.264974779319042	0.026642942138884
1.224621908339032	0.268129093348063	0.027422985274607
1.225246348243672	0.289009136875721	0.028796749651920
1.227121803523914	0.281146548243843	0.027105952573110
1.227746250900964	0.260355029585799	0.030396900294635
1.228370690812881	0.265246028671058	0.030372830720594
1.229620638412598	0.257249311517901	0.026405436309420
1.230870586005040	0.296563627804802	0.027193540772559
1.231496093692840	0.261640976236352	0.035631952255503
1.232120533597481	0.288220551378446	0.034208962020115
1.233370481197198	0.294793675279599	0.033968164533386
1.233995988884999	0.307280319535222	0.034568188454800
1.235244868701557	0.279677894189973	0.029345443732031
1.235870376389357	0.249701862214476	0.028189158753191
1.236494816293998	0.293033367993194	0.029877220219439
1.237120323981799	0.284288155409659	0.029754572920353
1.238370271581516	0.269007415348879	0.030538057137072
1.238994711486157	0.254110044664069	0.027693552681857
1.240244659085874	0.262300822973210	0.028274681158640
1.240870166766399	0.255668284075871	0.028905731125505
1.241494606678316	0.292861784089854	0.028910477571250
1.242119046590233	0.283746556473829	0.026914716677612
1.242744554278033	0.288143097494023	0.031929719129132
1.243368994182674	0.279812116564417	0.031361806435282
1.243994501870475	0.244263311774608	0.028007600889997
1.245244449462916	0.269852016636038	0.030556547924303
1.245868889374833	0.286378387860714	0.030440461670677
1.246494397062634	0.302469682216518	0.032696874408877
1.247744344655075	0.278147874002796	0.032591626833509
1.248993224478909	0.288770512930664	0.038428591349417
1.249618732159433	0.305031204253024	0.030479411171610
1.250868679759151	0.268728854519091	0.027262499008993
1.251493119671068	0.281912715958405	0.030335804024500
1.252743067263509	0.263455201631885	0.028003293321735
1.253368574951310	0.264112561451093	0.029585506932931
1.254618522543751	0.268396922837827	0.028499008978523
1.255867402367585	0.260082987551867	0.027187731592864
1.256492910048109	0.301379617267468	0.031216516591090
1.257117349960026	0.246787078846822	0.028438157731384
1.257742857647827	0.261238119702029	0.030509035179682
1.258367297552468	0.281978444314479	0.030276481092741
1.259617245152185	0.292305101869001	0.026664498154955
1.260242752839986	0.250152532031727	0.031842475638533
1.261492700432427	0.252006566946370	0.026782151934845
1.262117140344344	0.273992809071633	0.028692850494093
1.262741580248985	0.258875859280226	0.027974489171979
1.263367087936786	0.289094467176659	0.031582343776411
1.264617035536503	0.250239359387240	0.027860199626582
1.265241475441144	0.269178137325928	0.027915052030490
1.265866983128944	0.279049449589376	0.029610647952648
1.266491423040861	0.273421722714900	0.028922240360921
1.267741370633303	0.287034681590774	0.030461408051680
1.268365810545220	0.293517604475156	0.035643809001744
1.268991318233020	0.245612589602043	0.031191514909121
1.269615758137661	0.256723716381418	0.030403784459614
1.270241265825462	0.295118030290211	0.029750308015379
1.270865705737378	0.264398143935948	0.028435228882636
1.273991108610062	0.291189688798440	0.029216394315440
1.274615548521979	0.241342377722242	0.026213925691208
1.275239988433896	0.301309315319823	0.029707737328524
1.275865496121696	0.287329916946457	0.029139522094299
1.277115443714138	0.261737677527151	0.029354328263204
1.277739883626055	0.289568937150378	0.031083423675003
1.278989831218496	0.267619130586288	0.029167347954448
1.279615338906297	0.298830409356725	0.028325330930263
1.280239778818213	0.244428660214863	0.029255626420275
1.282114166322572	0.267124969310091	0.032936799750506
1.282739674003096	0.303345724907063	0.033822895500967
1.283364113915013	0.310199612566327	0.035390617420025
1.284614061514731	0.304301340570771	0.032673215990473
1.285239569195255	0.278898605939908	0.029906451251574
1.285864009107172	0.243118523316062	0.029258245296226
1.286489516794973	0.284286554127824	0.028221370395135
1.287113956699613	0.248228644216225	0.028078082469720
1.287739464387414	0.311190022518621	0.030913795779092
1.288363904299331	0.298268238761975	0.033182251655216
1.290863799491490	0.272273173927285	0.033437030587253
1.291488239396131	0.289465940856260	0.038723930599392
1.293363694683649	0.282870829203832	0.033235625676458
1.293988134588290	0.255474452554744	0.033102612994689
1.295238082188007	0.283610648918469	0.034433716105117
1.297737977380166	0.244883173338163	0.025123497210710
1.300237872565049	0.254630069332320	0.028480233961488
1.300862312476966	0.266074766355140	0.029388259911419
1.301487820164766	0.263026409707352	0.028056490890408
1.303362207669124	0.264071251492058	0.029034730966801
1.303986647581041	0.247549794498893	0.031474651705538
1.304612155261566	0.307989228007181	0.036042451219384
1.305236595173483	0.288141993957704	0.031217785751491
1.305862102861283	0.271270347373720	0.027955350210442
1.306486542773200	0.300572348417099	0.029181480658050
1.307112050453725	0.265254752191650	0.028023493800220
1.307736490365642	0.266084476920335	0.027624184753376
1.308986437958083	0.266626773807488	0.026879731015339
1.309610877870000	0.265471579137015	0.027990390212987
1.310236385557801	0.243564525784658	0.027504137130529
1.311486333150242	0.258392772230147	0.029446597184862
1.312110773062159	0.273918371194269	0.028326785150408
1.312736280749959	0.267965787849396	0.027291338294692
1.313360720654600	0.253771795103442	0.030453345945298
1.313986228342401	0.247403210576015	0.029271033717861
1.314610668254318	0.259650889560255	0.033909376462674
1.315236175942118	0.259306584887980	0.029792549186354
1.315860615846759	0.245620372042622	0.027954219672077
1.316485055758676	0.305568212886175	0.033939404744806
1.317110563446477	0.282126268708068	0.030817343798815
1.317735003351117	0.273329370807506	0.031159976669640
1.318360511038918	0.295778387467917	0.030004002194981
1.318984950950835	0.283999231655782	0.031554560301562
1.319610458638635	0.262009784264977	0.028686983845640
1.320234898543276	0.287823216578030	0.029388177502564
1.320860406231077	0.257222658636641	0.028897384928587
1.321484846142994	0.258892182289737	0.031650877533171
1.322110353823518	0.270397536901204	0.031241145621237
1.323359233647352	0.307876114327727	0.035107165034880
1.323984741335153	0.264087617028793	0.031229066000733
1.324609181239794	0.296901250700019	0.030072628155712
1.325859128839511	0.271328921480952	0.028888912368969
1.326484636520036	0.307891332470893	0.030817766855487
1.327109076431952	0.276634163958108	0.029786710898293
1.327734584119753	0.300801296479697	0.029927130008303
1.328984531712194	0.301398285972034	0.033703914242775
1.329608971624111	0.278524590163934	0.032355086668920
1.330858919216553	0.284631758194977	0.028791070613267
1.331483359128470	0.269134477825465	0.030323205378643
1.332108866816270	0.270635756937127	0.029278124597281
1.332733306728187	0.269279622573036	0.031491400731057
1.333358814408712	0.252940112176588	0.027436741417384
1.334608762008429	0.266735858847950	0.029726719197280
1.335233209385478	0.277630738340787	0.031350941880934
1.335857649290119	0.243503623828885	0.030477981717905
1.337107596889837	0.301203728844239	0.035467302223233
1.337733104577637	0.257435185988034	0.030541168793985
1.338357544482278	0.272275956518018	0.028534142099769
1.340232999762520	0.280436674313741	0.027980471102041
1.340857439674437	0.276782884310618	0.031591361549218
1.342731827178795	0.278182420129118	0.029838761561986
1.345231722370954	0.262632854745478	0.032043854162830
1.345857230058755	0.269489414694894	0.029736395911782
1.346481669970672	0.268430493273543	0.030415271106869
1.347107177651196	0.284752155172414	0.028679932090827
1.347731617563113	0.279181143769368	0.030175692819144
1.348357125250914	0.258522250209908	0.026386071734528
1.348981565155555	0.242719321972771	0.028343857261933
1.349606005067471	0.288830715532286	0.031112654108853
1.350231512755272	0.299680564895763	0.031170816070658
1.350855952667189	0.279591836734694	0.029689275666429
1.352105900259630	0.299351585014409	0.032177809854356
1.352731407947431	0.245609775835559	0.029762608550177
1.353355847852072	0.270885839634089	0.031710404274320
1.356480182956147	0.273434797647873	0.032436953157809
1.357105690643948	0.282223579718998	0.034441746403680
1.358355638236389	0.307538252022751	0.033580261736557
1.358980078148306	0.278656650463986	0.034836463434791
1.359605585836107	0.276897611728541	0.031456511990368
1.361479973340465	0.309545209419378	0.036228060757154
1.362729920932907	0.295643437756873	0.035150572942035
1.363979868532624	0.264351891938696	0.029544024732975
1.364604308437265	0.295123662515348	0.030767342109683
1.365854256036982	0.279400622948060	0.030208540804779
1.366479763724783	0.272563176895307	0.033221906030045
1.367104203629424	0.265650816963466	0.030875612211629
1.367729711317224	0.272285813388831	0.029267700607678
1.368979658909666	0.267588271550586	0.032220004912240
1.369604098821583	0.262351778656126	0.027684458881423
1.370228538733500	0.290124041283969	0.031546688706080
1.372103994013742	0.261183010509858	0.031751923244624
1.373978381518100	0.279901693063900	0.031458203401051
1.376478276710259	0.308255846717385	0.032594768774633
1.377102716622176	0.284364188676061	0.028842740501677
1.379602611814335	0.281274081685076	0.033205528757626
1.380228119494859	0.259746026107806	0.033980099080950
1.380852559406776	0.307013201320132	0.037735903697988
1.382102506999217	0.258345428156749	0.034302744918625
1.383976894510852	0.258713676245673	0.033958518185053
1.384602402191376	0.264773403622141	0.029211855141850
1.385226842103293	0.279990024108405	0.028194767311990
1.386476789695735	0.279539162275610	0.029464173332454
1.387726737295452	0.271867821169818	0.027820204010107
1.389601124799810	0.278903871248369	0.030904717484348
1.390226632487611	0.288520296813619	0.030400207606127
1.391476580080052	0.245507962190241	0.028542480073732
1.392726527679770	0.267296471242012	0.030581145832475
1.393350967584411	0.268236864689616	0.029515136087892
1.393976475272211	0.262900917585655	0.026997225244568
1.395226422864653	0.254058299877815	0.033164027745038
1.395850862776570	0.284631758194977	0.031830510258276
1.396475302688486	0.303102205817734	0.031675749718967
1.397725250280928	0.292615073343450	0.034218454691956
1.398350757968728	0.280059132720105	0.032652635088934
1.398975197880645	0.289010811683072	0.032863277290648
1.399600705561170	0.291006621406420	0.033160416117893
1.401475093072804	0.267251732101617	0.033116528309540
1.402100600753329	0.282888062225228	0.037483403630200
1.402725040665246	0.251632229817958	0.034321046873178
1.403349480577162	0.262068387529333	0.034683910924712
1.404599428169604	0.292077433231762	0.031511083603710
1.405849375769321	0.291618727321002	0.030900394894929
1.406474883449846	0.299851903475913	0.033930653733912
1.407099323361763	0.270495081180517	0.033933741875473
1.408974778642005	0.292913260852313	0.034825538761552
1.410223658465839	0.245943562610229	0.034625055843115
1.411473606058280	0.267268041237113	0.032424436405955
1.412099113746081	0.292660800145151	0.030853191793470
1.412723553650721	0.284414414414414	0.030757819809963
1.414599008938239	0.257645884381523	0.030275949511685
1.415223448842880	0.284213139169287	0.031538416056710
1.415848956530681	0.239044183949504	0.030816849422245
1.416473396442598	0.267315740029037	0.029523666014899
1.417097836347239	0.278884120171674	0.031241954586724
1.418347783946956	0.282458688941347	0.030666635998383
1.418973291634757	0.270753161077515	0.030331878873310
1.419597731539398	0.282943477898943	0.029450026866184
1.420847679139115	0.269070860448301	0.031168021256674
1.421473186826915	0.269837122201899	0.029733028014522
1.422097626731556	0.270851496657948	0.029856156002259
1.423347574331274	0.269227471491040	0.029029580527616
1.424597521923715	0.288942846469929	0.032420019128540
1.425221961835632	0.247598924318094	0.032075241457411
1.426471909428074	0.264369641155923	0.034568237467304
1.427721857027791	0.301541926541927	0.035839481910532
1.429597312308033	0.305526223160859	0.034689616436419
1.431471699812391	0.286614427659746	0.033490039334301
1.432096139724308	0.297813541412664	0.034034383325578
1.432721647404833	0.244848178988981	0.035000611683621
1.433346087316750	0.257781709965415	0.034792114720204
1.433971595004550	0.305194260300411	0.035621013344511
1.435221542596992	0.244867256637168	0.033705735721870
1.437095930101350	0.285054347826087	0.034016905029262
1.438345877701067	0.261514028586554	0.029887454882353
1.440220265205426	0.309682054966768	0.032922976715578
1.440845772893226	0.295500043519889	0.030242977751164
1.441470212797867	0.241504539559014	0.030778532067675
1.442095720485668	0.262200488997555	0.033836152765274
1.443345668085385	0.300046189376443	0.035239866445828
1.443970115462434	0.246273210705257	0.030560677181790
1.444594555367075	0.289933694996986	0.033360163409499
1.445220063054876	0.278086862885858	0.029472472481104
1.445844502966793	0.310287457251132	0.034192234006628
1.447094450559234	0.299130731208454	0.034352586905769
1.448344398158952	0.266317452398769	0.033420669160315
1.448969905839476	0.256817801572695	0.033437005497935
1.450219853439194	0.279034327879371	0.034128968940206
1.450844293343835	0.255729117949677	0.030416411108702
1.451468733255751	0.272453667036274	0.029812848001718
1.453344188535993	0.269797501077122	0.031123034925145
1.453968628447910	0.276865456640738	0.035270389789053
1.454594136135711	0.293470730862487	0.032647524811415
1.455218576040352	0.289035328574044	0.031406740724752
1.455844083728152	0.246481913148580	0.029692081535971
1.456468523640069	0.238710201429500	0.028451885694763
1.457092963551986	0.306255666364461	0.030348317788790
1.458342911144427	0.274889086069210	0.030668545128717
1.459592858736869	0.283207595151310	0.031778133209016
1.460218366424670	0.267323187108326	0.029458333213969
1.460842806336586	0.262536594579280	0.030606058174119
1.461468314024387	0.281128024980484	0.032183931776983
1.462092753929028	0.252710445130013	0.029448957345968
1.463342701528745	0.241784486052732	0.031299705877415
1.463967141433386	0.286873886359137	0.033645558274581
1.464592649121187	0.284347422201579	0.032328275580121
1.465217089033104	0.260419633532707	0.031575150911005
1.465842596720904	0.273973907246929	0.031109603668481
1.466467036625545	0.279934965570008	0.032093255712331
1.467716984225262	0.305548517861667	0.030080841990256
1.468342491905787	0.260645161290323	0.034050825722969
1.468966931817704	0.274822372016761	0.035853027673419
1.470216879417421	0.288038277511962	0.032018383464954
1.471466827009863	0.281906843786783	0.035853233704741
1.472091266921780	0.276312235527145	0.033355616186328
1.473966722202022	0.250890585241730	0.029698383651177
1.474591162113938	0.241308266804018	0.030338555111357
1.477091057298821	0.282414876454105	0.030145654614512
1.479590952490980	0.281734285216786	0.032427118326794
1.480215392402897	0.267691998391637	0.035001046275616
1.481465339995339	0.268377749955285	0.031439248949058
1.483340795282857	0.259557144275643	0.031499753621724
1.483965235187497	0.273792512146327	0.031661047736237
1.484589675099414	0.270232925384919	0.035023476045529
1.485215182787215	0.277659278493926	0.031979302034042
1.485839622691856	0.296644542772861	0.034865760474071
1.486465130379656	0.294966691339748	0.030164708119151
1.487089570291573	0.265846040786331	0.030518716621564
1.487715077979374	0.268061693875710	0.030311754755378
1.488339517884015	0.269553345036083	0.034259396191136
1.489589465483732	0.264820165388064	0.030300983794955
1.490214973164257	0.261464807660003	0.029723531396254
1.490839413076174	0.242894296860487	0.032156535418135
1.491463852988090	0.247104588453718	0.029150967853386
1.492713800580532	0.277692438982762	0.031182399620724
1.493339308268332	0.308962264150943	0.033796698239985
1.493963748180249	0.293312543312543	0.030257605803119
1.494589255860774	0.301122457591358	0.033535464848930
1.495213695772691	0.247371675943104	0.033263066062435
1.495839203460491	0.298826777087647	0.034229902569144
1.496463643372408	0.299849677248209	0.035249189080048
1.497089151052933	0.269176512078998	0.034805598817370
1.499587978469208	0.244375553587245	0.038909734648577
1.500837926068925	0.298438608942512	0.037388659001076
1.501463433749450	0.281977785739878	0.037023290359003
1.502087873661367	0.273593975324467	0.036857901093253
1.503963328941609	0.307228915662651	0.035709277813234
1.504587768853526	0.295011417530300	0.037276603449325
1.505212208765442	0.310562992847974	0.036529512777860
1.507087664045685	0.263723150357995	0.035852937467278
1.507712103950325	0.299026034837985	0.037400930751935
1.508337611638126	0.307795458608976	0.037733300547947
1.508962051550043	0.284730861740068	0.032159147391215
1.509587559237843	0.279746261893974	0.032906847553114
1.510211999142484	0.268927747886241	0.031700573072312
1.510836439054401	0.252522447468296	0.033829038209335
1.512086386646843	0.279837728194726	0.040092726858178
1.514586281839001	0.305721920206395	0.034543613032343
1.515211789526802	0.245422842197036	0.034334262917870
1.515836229438719	0.244196271544144	0.029552142555592
1.516461737126519	0.267171759220714	0.030648848763896
1.517710616943077	0.299164524421594	0.029869398285529
1.518960564535519	0.265720922515348	0.039697090312033
1.519586072223319	0.244592747447134	0.032561668391422
1.520210512135236	0.307253249034071	0.035323240670135
1.520836019823037	0.242407857979634	0.035977602841076
1.521460459727678	0.267225497420781	0.034237326063697
1.522085967415478	0.299261562378546	0.034530110640139
1.522710407327395	0.250420592193809	0.031305278345060
1.523960354919836	0.261421767507497	0.032018217632418
1.524584794831753	0.277581395348837	0.033786944830167
1.525210302519554	0.281545741324921	0.032931087582805
1.525834742424195	0.306405693950178	0.035226755338682
1.527710197704437	0.267591077426578	0.031788979439606
1.528960145304154	0.253465179175118	0.032308101180135
1.529584585216071	0.276814326107446	0.033227506553004
1.530834532808512	0.296788990825688	0.031391907027110
1.531458972720429	0.270568561872910	0.029476766589695
1.532708920312871	0.292572835453426	0.035762986643457
1.534584375593113	0.293006866642573	0.035111206611340
1.535834323192830	0.261127063890883	0.035165885090049
1.536458763097471	0.275099214725999	0.031997374283897
1.537084270785272	0.258566133261007	0.031355827756083
1.537708710697189	0.285569208896110	0.031553713724342
1.538958658289630	0.260545905707196	0.033653148638013
1.539583098201547	0.281468531468531	0.036384824454111
1.540208605889347	0.244324324324324	0.031876989859326
1.542082993393706	0.296994800387768	0.029568326595278
1.542708501081506	0.268607442977191	0.034247626404997
1.543958448673948	0.270093801728895	0.035047506713686
1.544582888585865	0.255025011368804	0.037191120176408
1.545832836178306	0.257062146892655	0.035660989153658
1.546457276090223	0.292911710666280	0.036469188281170
1.547082783778023	0.263747360690352	0.034528471953104
1.548957171282382	0.263741562198650	0.035487042127836
1.550832626562624	0.291722475221002	0.038194202418002
1.552707021532115	0.252540732376190	0.032484260528810
1.553331461444031	0.284877009146612	0.033836647550491
1.555831356636190	0.246299638989170	0.032097117601526
1.556456864323991	0.274903266444704	0.036149474776298
1.557081304228632	0.302365415986949	0.032268478669202
1.558955691732990	0.280596234309623	0.034971927874364
1.559581199420791	0.263247058823529	0.030238855327084
1.560205639332708	0.305110671225481	0.031939453357543
1.560831147020508	0.255934784556123	0.031175754469817
1.561455586925149	0.253221237320662	0.032140064191170
1.562081094612950	0.282666666666667	0.029439473464845
1.562705534524866	0.308290398126464	0.031853317557106
1.563331042205391	0.259169179881311	0.032736411187509
1.565829869621666	0.292028565913916	0.031892286688760
1.566455377309467	0.254245194999067	0.031084370976709
1.567079817221384	0.263827549947424	0.031676920657863
1.567705324901908	0.297408167070669	0.031238463337129
1.568955272501626	0.285426951910770	0.031538722098554
1.569579712413542	0.310227594673718	0.032461437860452
1.570829660005984	0.306450133039728	0.032097153158077
1.571455167693784	0.284555120313374	0.033099381020344
1.572704047510342	0.258297954457738	0.030495164888673
1.573329555198143	0.277047805423539	0.033028668792882
1.573953995110060	0.277301315037164	0.031547991392012
1.574579502790584	0.270900672665327	0.031066008724432
1.575203942702501	0.265158290109104	0.032562576939892
1.575829450390302	0.273712961430227	0.030291729181490
1.580828172991460	0.294061485583349	0.034441769477683
1.582078120591177	0.297939156035329	0.035317875604933
1.583953575871419	0.280670537553849	0.037588867298518
1.585202455687977	0.272858517805582	0.033866868357139
1.585827963375777	0.247191946085365	0.029888668216326
1.586452403287694	0.268153481429449	0.032254543433186
1.587077910975495	0.261625961860154	0.033573711629483
1.588327858567936	0.292074709742554	0.035026510511492
1.588952298479853	0.293754289636239	0.034129410815090
1.590202246072295	0.264562906813875	0.030669493913134
1.590827753760095	0.247193284110448	0.034098924038805
1.591452193672012	0.274231678486998	0.031941780700809
1.592076633576653	0.305105049760413	0.033941722986255
1.594576528768812	0.248592640939871	0.031296257355914
1.595202036456612	0.277719415528603	0.036169884829870
1.595826476368529	0.257192224622030	0.031261861940437
1.598326371553412	0.307183364839319	0.033282352098453
1.599576319153130	0.262448740480375	0.037082169214364
1.601450706657488	0.289994552387870	0.036339984597124
1.602076214345288	0.305711519845111	0.039084566708655
1.603950601849647	0.249604001667361	0.035712933812572
1.605200549442088	0.281705852067960	0.036060418607033
1.605824989354005	0.288177339901478	0.036183353903965
1.606450497041806	0.300398208063713	0.033686392181782
1.607074936946447	0.278050160286630	0.032376702362901
1.607700444634247	0.294865145228216	0.031011304770683
1.608324884546164	0.242727616169248	0.033897708399860
1.608950392233965	0.282772206303725	0.037856164853616
1.609574832138605	0.274763705103970	0.032887386211567
1.610200339826406	0.273643614690157	0.031888267609167
1.610824779738323	0.258449493985106	0.032746470095929
1.612074727330764	0.243769778481013	0.034415607133860
1.612699167242681	0.275317604355717	0.035226436881142
1.613324674930482	0.279759190002736	0.032990081672658
1.613949114835123	0.284119553474973	0.034609014687505
1.615824570122641	0.267944757405052	0.034400775819807
1.616449010027281	0.268251273344652	0.034575297423888
1.617698957626999	0.273992673992674	0.032594285382538
1.618324465307523	0.255656108597285	0.033295879871829
1.618948905219440	0.267945718296678	0.034272845324000
1.619573345131357	0.274483853890948	0.032141189082980
1.620198852819158	0.256657730116175	0.033286629461248
1.620823292723799	0.251189343482398	0.035862811484136
1.622698748004041	0.276634659350709	0.034877907465036
1.626447523020033	0.285649574198224	0.036518410719237
