0.622194112074794	0.045852699642496	0.001376151944546
0.622819619755319	0.042987911702873	0.001296188828535
0.623444059667236	0.045925600039106	0.001225907990833
0.624694007259677	0.043999239661004	0.001214515425616
0.625943954859395	0.047121375241456	0.001373250752632
0.626569462547195	0.042236364093700	0.001244427135988
0.627193902451836	0.046899197058015	0.001350370562979
0.627819410139637	0.044656344057003	0.001345794216332
0.628443850051553	0.043896340993991	0.001305981126667
0.629068289956194	0.048049289245983	0.001288536095927
0.629693797643995	0.045022332650846	0.001255399147281
0.630318237555912	0.043426568372362	0.001280107064055
0.630943745243712	0.045819774359562	0.001307281925864
0.631568185148353	0.044948020091111	0.001425155964274
0.632193692836154	0.047628650653607	0.001363999769210
0.632818132748071	0.043186304713838	0.001294283801031
0.633443640428595	0.046627517620656	0.001329362287548
0.634068080340512	0.042740489636401	0.001373247969342
0.634692520252429	0.043678522479610	0.001306780856286
0.635318027940230	0.043762449540799	0.001243247158782
0.635942467844870	0.045331848283739	0.001272898582714
0.637192415444588	0.043786013692115	0.001273408103824
0.637817923125112	0.045041764754657	0.001288854905870
0.638442363037029	0.045361565476234	0.001335268754957
0.639067870724830	0.045805572649694	0.001356921357197
0.639692310636747	0.044396280785966	0.001451832931417
0.640317818317271	0.045584537161108	0.001326792325330
0.640942258229188	0.046108343035659	0.001379723262596
0.641566698141105	0.044666445252940	0.001325688326166
0.642192205821630	0.044076864368997	0.001315624779791
0.642816645733546	0.044687333054188	0.001626259109277
0.644066593333264	0.045425068130105	0.001368800388028
0.644692101013788	0.045161152736113	0.001334488309464
0.645316540925705	0.047085525560661	0.001404816930654
0.645942048613506	0.045519463873732	0.001414391127891
0.646566488518147	0.047408330442294	0.001526343476969
0.647191996205947	0.042244350272324	0.001316441086634
0.647816436117864	0.042995889563857	0.001285145162765
0.649066383710306	0.047494504675683	0.001535414878193
0.649690823622223	0.046976328088169	0.001375692080949
0.650316331310023	0.045361102685943	0.001382065501147
0.651566278902465	0.045204485074929	0.001346210482627
0.652190718814381	0.044792377743243	0.001280579935050
0.652816226502182	0.045478225776865	0.001307826580120
0.653440666406823	0.045702907266700	0.001386871527899
0.654066174094623	0.044285971997747	0.001315564051719
0.654690614006540	0.046600363965880	0.001457013916737
0.655315053911181	0.046616380217602	0.001393432687115
0.655940561598982	0.047204234664686	0.001425036323471
0.656565001510899	0.043146333584581	0.001247339165084
0.657190509198699	0.042323996518516	0.001200022205968
0.657814949103340	0.045169521234879	0.001324036493127
0.658440456791141	0.046698279869828	0.001377301098156
0.659064896703057	0.045191557071196	0.001334466251809
0.659690404390858	0.048181131740251	0.001493296866001
0.660314844295499	0.046148157848114	0.001371087699983
0.660940351983299	0.047799796007577	0.001476729642442
0.661564791895216	0.043224563578526	0.001320823247265
0.662189231799857	0.045325911462547	0.001346102812551
0.662814739487658	0.046975818386314	0.001396468762620
0.663439179399575	0.047669135586040	0.001451400041930
0.664064687087375	0.044177209136357	0.001259877289455
0.664689126992016	0.044582370747322	0.001265911354287
0.665314634679817	0.043669370556680	0.001288659085291
0.665939074591734	0.045099323136490	0.001301086101430
0.666564582272258	0.047034344077423	0.001382310036576
0.667189022184175	0.044687673785398	0.001315760225379
0.667814529871976	0.046844392696171	0.001429201282845
0.668438969783892	0.047260071144193	0.001413162401044
0.669063409688533	0.043150154798762	0.001287612737985
0.669688917376334	0.046408228130636	0.001292081799447
0.670313357288251	0.044849823870890	0.001325294596567
0.670938864968775	0.044546611600301	0.001347234781310
0.671563304880692	0.043409091778239	0.001307984541156
0.672188812568493	0.047860179429504	0.001452860995852
0.672813252480410	0.044454927331132	0.001436953687487
0.673438760160934	0.047121905527549	0.001391767609359
0.674063200072851	0.045908392430724	0.001418204702725
0.675313147665292	0.045150005817816	0.001437277073346
0.675937587577209	0.044715677283243	0.001369609942297
0.676563095265010	0.046286796477099	0.001359124844368
0.677187535176927	0.045037525169321	0.001334077074875
0.677813042857451	0.046192218157632	0.001378430378066
0.678437482769368	0.045630571517455	0.001254997594935
0.679062990457169	0.046669774100648	0.001464388182382
0.679687430361810	0.046192479679274	0.001338006023232
0.680312938049610	0.047367105176078	0.001304357364817
0.680937377961527	0.044265745316630	0.001294234764140
0.681562885649328	0.043781406811154	0.001207655490456
0.682187325553969	0.046343194918029	0.001279136693681
0.682811765465885	0.043282908762815	0.001277348608875
0.683437273153686	0.043648938798001	0.001258214414442
0.684061713058327	0.043803364273371	0.001240890896700
0.684687220746127	0.044507665675741	0.001268639775471
0.685311668123177	0.045102034169414	0.001308487773128
0.685937168345845	0.045768380771570	0.001372744576713
0.686561615722894	0.043041184257136	0.001242165898337
0.687187115938286	0.043554416319556	0.001335173462868
0.687811563315336	0.044024597068985	0.001273877894465
0.688437063530728	0.047872757481285	0.001343377258001
0.689061510907777	0.047610657798626	0.001331520270253
0.689685950819694	0.044145758438420	0.001372264519910
0.690311458507495	0.048149764744178	0.001341602931834
0.690935898419411	0.047317784028142	0.001382692174149
0.691561406099936	0.045812510044925	0.001446211622263
0.692185846011853	0.045568163492692	0.001386103515993
0.692811353699653	0.042006523725942	0.001313463666973
0.693435793604294	0.043559315957409	0.001291384796151
0.694061301292095	0.043929668316793	0.001341846113811
0.695311248891812	0.046245496539249	0.001424300881602
0.695935688796453	0.047579844821364	0.001411153716576
0.696560128708370	0.044921773384370	0.001393755882218
0.697185636396171	0.048140615510642	0.001449667478361
0.698435583988612	0.046546418349809	0.001349116568316
0.699060023900529	0.046521339063661	0.001430641590770
0.700309971492970	0.046392592707573	0.001435860809820
0.700935479180771	0.045720504685310	0.001358221066556
0.701559919092688	0.047991248146709	0.001402294456253
0.702185426773212	0.045403871852958	0.001415367772604
0.702809866685129	0.044301205079009	0.001351591948989
0.704059814284847	0.045866680266508	0.001486232468057
0.704684254189488	0.043924051553061	0.001373930766844
0.705309761877288	0.046564033913432	0.001462096227792
0.706559709469730	0.046020277133603	0.001308280190747
0.707184149381646	0.045307262777660	0.001332310309684
0.707809657069447	0.045059931379684	0.001308224269386
0.708434096981364	0.043455659159896	0.001262550145045
0.709058536886005	0.045407001784286	0.001376597474604
0.709684044573805	0.047409805735430	0.001576452202262
0.710308484485722	0.045029826513673	0.001491598703916
0.710933992166247	0.045689017249678	0.001433644561354
0.711558432078164	0.045547916260918	0.001433272656516
0.712183939765964	0.044169915774508	0.001307937588642
0.712808379677881	0.043755947975045	0.001267361193132
0.713433887358406	0.047678416119508	0.001323148915957
0.714058327270322	0.045622616240137	0.001376099134814
0.714683834958123	0.046358083143022	0.001393535592941
0.715308274862764	0.046605823005368	0.001500326039572
0.715932714774681	0.046621775850262	0.001354748063865
0.716558222462481	0.047644564642756	0.001386904712705
0.717182662374398	0.047565819031360	0.001435682464182
0.717808170054923	0.046210343406839	0.001345728721563
0.718432609966840	0.047346160589060	0.001389705948708
0.719058117654640	0.046244538153923	0.001460451267765
0.720932505158999	0.045919221115083	0.001317119643745
0.721558012846799	0.047364493056374	0.001363021155709
0.722182452751440	0.047513431453827	0.001344541542123
0.722806892663357	0.042876443447450	0.001224695440213
0.723432400351157	0.045910831664042	0.001316279055009
0.724056840255798	0.045610819074669	0.001323802741522
0.724682347943599	0.045457840671012	0.001310580398984
0.725306787855516	0.044849520767971	0.001356953858758
0.726556735447957	0.043380027112517	0.001313604194677
0.727182243135758	0.045125186972437	0.001393594404041
0.727806683047675	0.045589886810296	0.001374923423009
0.728432190728199	0.046494626800205	0.001299851569776
0.729056630640116	0.043271465086557	0.001314566105204
0.730306578239833	0.045468515742129	0.001390756457781
0.730931018144474	0.045024207988068	0.001362370952842
0.731556525832275	0.045567711835055	0.001503166251969
0.732180965744192	0.046253193301164	0.001283496181570
0.732806473424716	0.043441748817438	0.001303933617053
0.733430913336633	0.046607315699791	0.001538158553921
0.734056421024434	0.046821141325163	0.001404254693077
0.734680860936351	0.048049696304401	0.001433847150904
0.735306368616875	0.047161268902237	0.001326237750461
0.735930808528792	0.047425984932409	0.001330020318114
0.736555248440709	0.043573797223532	0.001294538868845
0.737180756121234	0.045098649861689	0.001331194144365
0.737805196033150	0.046135817829345	0.001319258920999
0.738430703720951	0.044891577171543	0.001421134570607
0.739055143632868	0.045465820383746	0.001354110162612
0.740305091225309	0.046543116802256	0.001400213377783
0.740930598913110	0.042886356161249	0.001343484173200
0.741555038817751	0.047140120168192	0.001420926956900
0.742180546505551	0.046301972256992	0.001457306885092
0.742804986417468	0.044401908217827	0.001377965189968
0.743429426329385	0.048268739863710	0.001503077390244
0.744679373921826	0.048537044869084	0.001423335442005
0.745304881609627	0.044022753824149	0.001336213176203
0.747179269113985	0.046620184572137	0.001304498294231
0.747804776801786	0.043406276454680	0.001314717405094
0.748429216706427	0.045514926140062	0.001389352131529
0.749054724394227	0.046546552086754	0.001395358289438
0.749679164306144	0.047313514671547	0.001303204284144
0.750303604210785	0.043096675087289	0.001314760531133
0.750929111898586	0.045822133040548	0.001355792752365
0.751553551810503	0.046863040792974	0.001368338818341
0.752179059498303	0.046922095681641	0.001345643978019
0.752803499402944	0.041873957502357	0.001265587652940
0.753429007090745	0.047858470908200	0.001411858938288
0.754678954690462	0.048582639823767	0.001423993482417
0.755303394595103	0.044051200797565	0.001363799814676
0.755928902282903	0.046427538328030	0.001431659936974
0.756553342194820	0.046891336681049	0.001407404334874
0.757177782099461	0.045633575231198	0.001425412415786
0.757803289787262	0.045309829893143	0.001488829311375
0.758427729699179	0.046916003422269	0.001439397515173
0.759053237386979	0.045306396817034	0.001453468383061
0.759677677291620	0.048583402704022	0.001370305583664
0.760303184979421	0.046313986665659	0.001355099170836
0.760927624891337	0.045892177551720	0.001307655776746
0.761553132571862	0.045603931737321	0.001380975004411
0.762177572483779	0.045876132930514	0.001375111847755
0.762802012395696	0.047415217270247	0.001338456122640
0.763427520083496	0.044282768548418	0.001442689513590
0.764051959988137	0.045469035692955	0.001480028565496
0.764677467675938	0.046181476408358	0.001461093160894
0.765301907587855	0.047493676877339	0.001409858303143
0.765927415268379	0.046365941950448	0.001410150605769
0.766551855180296	0.047134538310119	0.001438451712467
0.767177362868097	0.045698210171894	0.001344846491777
0.767801802780014	0.044684276748802	0.001326433697262
0.768427310460538	0.044797591662537	0.001350526234814
0.769051750372455	0.045241573696948	0.001456299129053
0.769676190284372	0.046788820337471	0.001468587014248
0.770926137876813	0.045946364561667	0.001530134831190
0.772176085476531	0.045633706838474	0.001432406156191
0.772801593157055	0.046636518826761	0.001352174267261
0.774051540756773	0.044654303822611	0.001436920551440
0.774675980661414	0.048269985265139	0.001514017802771
0.775301488349214	0.047785916709803	0.001357950557578
0.776550368173048	0.046396586071824	0.001430145785845
0.777175875853573	0.043336303689182	0.001456469224970
0.777800315765489	0.044783373449361	0.001522246304935
0.779050263357931	0.047498607410084	0.001412954862967
0.779675771045731	0.045676741322702	0.001407584239288
0.780300210957648	0.045872299258304	0.001491481235533
0.780925718645449	0.047039866542814	0.001663455405515
0.782175666237890	0.046088250969437	0.001579806961935
0.783424546054448	0.046129714945555	0.001449401285574
0.784050053742249	0.048057352785899	0.001486975739581
0.784674493654165	0.048353170531500	0.001525451838603
0.785924441246607	0.046501003194231	0.001386045879204
0.786549948934407	0.046382005309403	0.001338205095025
0.787174388846324	0.047109909312766	0.001477080106430
0.787799896526849	0.047710602871998	0.001459444014927
0.788424336438766	0.046622522542882	0.001376531216643
0.789049844126566	0.045132099328109	0.001334752201935
0.790298723943124	0.044280583059351	0.001322534839483
0.790924231630925	0.044855958534881	0.001542226671133
0.792174179223366	0.046934422008901	0.001315538584274
0.792798619135283	0.046468737569161	0.001425376303632
0.794674074415525	0.046731481583662	0.001373075651610
0.795298521792574	0.047427609451781	0.001479735141097
0.795924022015242	0.043017544126656	0.001364203463561
0.797172909296933	0.046825426449181	0.001430066199266
0.797798416984733	0.047026442755086	0.001397556079015
0.798422856896650	0.046603036592740	0.001376639767866
0.799048364584451	0.045118140016323	0.001292609507227
0.800298312176892	0.044750912722770	0.001356076711875
0.800922752088809	0.045376800695950	0.001269884430273
0.801548259769334	0.044320506520075	0.001355073521207
0.802172699681250	0.045871351914325	0.001370277691189
0.802798207369051	0.048515579125412	0.001346599188888
0.803422647280968	0.043963905444906	0.001516272026014
0.804047087185609	0.043770471365589	0.001396126608596
0.804672594873409	0.048395439229020	0.001299332543930
0.805297034785326	0.047445976375775	0.001352819292785
0.805922542465851	0.044885871191658	0.001324678331587
0.806546982377768	0.043896518132110	0.001396112791070
0.807172490065568	0.046697792796279	0.001455370817364
0.807796929977485	0.048203395910558	0.001517367868313
0.809046877569926	0.045652635480655	0.001443399955661
0.809672385257727	0.044213789354606	0.001286839700895
0.810296825162368	0.044392514670368	0.001402094165457
0.810921265074285	0.044634911021909	0.001355218843962
0.811546772762085	0.047787793934327	0.001414047734283
0.812796720354527	0.045060387328536	0.001338457022639
0.813421160266444	0.043025843575195	0.001284561388579
0.814046667954244	0.044458392772230	0.001345610716832
0.814671107858885	0.048243055774506	0.001399391256936
0.815296615546686	0.046540399496131	0.001294476918866
0.815921055458602	0.047374074500326	0.001339998041959
0.816546563146403	0.045584855684961	0.001316116077139
0.817171003051044	0.045944384435680	0.001392532573494
0.817795442962961	0.045459336555691	0.001440988909414
0.818420950650761	0.047120511782791	0.001358651632451
0.819045390555402	0.044204715602619	0.001246824134541
0.819670898243203	0.042970712210890	0.001385522215919
0.820295338155120	0.047321943836496	0.001445887471109
0.820920845842920	0.047419415299522	0.001343901498392
0.822170793435362	0.046993241504078	0.001362334313383
0.822795233347279	0.042694943301948	0.001264331287251
0.823420741027803	0.045127754704909	0.001393028940009
0.824045180939720	0.043813665336272	0.001355572950893
0.824669620851637	0.048371327123964	0.001402450429600
0.825295128539437	0.045879684871303	0.001441237983939
0.825919568444078	0.043371319300348	0.001422217197190
0.826545076131879	0.046491874539391	0.001502562678371
0.827169516043796	0.044630532453876	0.001349690511841
0.827795023724320	0.048584200437600	0.001343635172069
0.829669411235955	0.047586589196625	0.001560418693408
0.830294918916479	0.044527376638362	0.001285472229227
0.830919358828396	0.044960006797493	0.001339344707402
0.831543798740313	0.046795075180115	0.001331706154951
0.832793746332754	0.046516733072102	0.001376375601080
0.833419254020555	0.042224895710238	0.001400792072966
0.834043693932472	0.047576281461191	0.001445308968450
0.835293641524913	0.045453089920622	0.001893747041790
0.836543589124631	0.045866351722036	0.001493031145973
0.837169096805155	0.046073233156594	0.001485017543070
0.838417976628989	0.044994935008553	0.001350887049146
0.839043484309514	0.048128688862115	0.001461176055861
0.839667924221430	0.048147161991642	0.001413214154147
0.840293431909231	0.045660217546362	0.001496516600515
0.840917871821148	0.048289858310525	0.001534901782237
0.841543379501672	0.046100235189971	0.001492938685721
0.842793327101390	0.047006828542330	0.001522049226732
0.843417767006031	0.045531500888644	0.001431972127472
0.844667714605748	0.047829489991065	0.001382885423300
0.845292154517665	0.048282216008936	0.001576310179253
0.845917662198190	0.045616683687817	0.001413600865139
0.847167609797907	0.045256764633986	0.001383961816213
0.847792049702548	0.048298798734913	0.001402960441962
0.849667504990066	0.047837766619333	0.001417952078654
0.850291944894707	0.044716163900494	0.001318104178279
0.850916384806624	0.047446131684773	0.001419194554841
0.851541892494424	0.047881999777638	0.001387317385345
0.852166332399065	0.048522451870405	0.001484345226674
0.852791840086866	0.047115210023000	0.001412481542012
0.853416279998783	0.048148631700553	0.001365669299086
0.854041787686583	0.046828830015065	0.001386740186794
0.854666227591224	0.045740065676498	0.001441853819007
0.855291735279025	0.048349589584336	0.001579053306993
0.855916175190941	0.047559363911913	0.001420509837660
0.856541682871466	0.045174604546633	0.001308939782880
0.857166122783383	0.043425464046364	0.001450360992203
0.857790562695300	0.045154670517595	0.001344902827983
0.858416070383100	0.044316828188650	0.001436208127015
0.859040510287741	0.048440753862259	0.001413525773907
0.859666017975542	0.045341758495800	0.001363448806595
0.860290457887459	0.043720910031922	0.001353363901129
0.860915965567983	0.044665242826632	0.001381141471187
0.861540405479900	0.045238069486655	0.001488176582851
0.862165913167701	0.047490525926611	0.001420856139777
0.862790353079617	0.048532445167761	0.001481154250644
0.863415860760142	0.047423365769557	0.001541778962109
0.864040300672059	0.047220599436503	0.001395408484386
0.864664740583976	0.045827740942155	0.001296177950338
0.865290248264500	0.047974450534241	0.001420486465494
0.865914688176417	0.046117687878462	0.001336912357699
0.866540195864218	0.043697692776786	0.001334602227831
0.867164635776135	0.043082636240620	0.001347581194118
0.867790143456659	0.046439297204369	0.001565385020856
0.868414583368576	0.042647165829877	0.001377442905202
0.869040091056377	0.044294157973727	0.001415086901221
0.869664530961018	0.046333910124542	0.001363969501405
0.870290038648818	0.044361386776646	0.001293454427970
0.870914478560735	0.047007606236811	0.001355712175520
0.872164426153176	0.043676805304357	0.001317045740961
0.872788866065093	0.045030865686933	0.001296090123322
0.873414373752894	0.043605220163220	0.001288374698132
0.874038813657535	0.044876340587921	0.001428832123890
0.874664321345335	0.045370216689719	0.001376197980397
0.875914268945053	0.045537591033577	0.001421919229591
0.876538708849694	0.048250235498680	0.001442280556667
0.877164216537494	0.046260533371177	0.001422307348327
0.877788656449411	0.044668825714925	0.001364214717352
0.878413096354052	0.044519572131564	0.001396512804411
0.879038604041853	0.045063521273529	0.001323316518822
0.879663043953769	0.042955313297224	0.001308017453729
0.880288551641570	0.045732030709920	0.001430712789022
0.880912991546211	0.047154399752748	0.001366088555025
0.881538499234011	0.044561055274521	0.001366205950364
0.882162939145928	0.045385869349131	0.001347012520026
0.882788446826453	0.046248193574684	0.001327791361987
0.883412886738370	0.044300738470530	0.001359507053188
0.884038394426170	0.046221388367730	0.001388909465420
0.884662834338087	0.045995789536218	0.001378897869381
0.885287274242728	0.045943097997893	0.001353792250589
0.885912781930529	0.044120397734500	0.001461087022772
0.886537221842445	0.045293743466891	0.001494660296025
0.887162729522970	0.046818665596217	0.001392798503422
0.888412677122687	0.045061161158145	0.001244517074492
0.889037117034604	0.046997678199200	0.001407360588968
0.889662624715129	0.043308840742782	0.001429606671399
0.890287064627046	0.046706308091956	0.001367263629947
0.890911504538963	0.043729727468733	0.001420573036285
0.891537012219487	0.043557643137181	0.001358414422714
0.892786959819205	0.047443720560347	0.001464792480108
0.893411399731121	0.047920733728682	0.001364956882922
0.894036907411646	0.047453164814141	0.001340715528012
0.894661347323563	0.045578125395958	0.001455427458448
0.895286855011364	0.046118691947669	0.001353922896224
0.895911294916004	0.043060303875876	0.001263739825259
0.896536802603805	0.043250229736494	0.001277268298153
0.899035630020080	0.047714486135170	0.001553844158727
0.899661137707881	0.045003398060017	0.001558022948265
0.900285577612522	0.045243203917557	0.001424911024621
0.900911085300322	0.047430116544506	0.001381405618481
0.901535532677372	0.046469387676066	0.001347910612049
0.902161032900040	0.044900340230951	0.001341249640962
0.902785480277089	0.043804866228288	0.001329062686900
0.903410980492481	0.044517567137247	0.001439464895089
0.904035427869530	0.044376478078952	0.001333599023678
0.904659867781447	0.045074125410552	0.001336741715109
0.905285375461972	0.042453746557418	0.001331249982898
0.905909815373889	0.044559169600671	0.001400408700212
0.906535323061689	0.046529583719063	0.001394629349796
0.907159762973606	0.045631647695466	0.001381204834435
0.907785270654131	0.046413797073797	0.001393677427398
0.908409710566048	0.046417637182731	0.001397672710050
0.909035218253848	0.043575776994553	0.001307941241249
0.910285165846290	0.044588507315869	0.001368805193119
0.910909605758206	0.047588215025426	0.001330451696745
0.911534045670123	0.042367690899968	0.001312060597470
0.912159553350648	0.045962503463350	0.001488850928482
0.912783993262565	0.046607859100857	0.001353018320078
0.913409500950365	0.048148411794482	0.001420367053575
0.914033940855006	0.042091469007994	0.001338600738504
0.914659448542807	0.043443530741951	0.001360391541234
0.915283888454724	0.046335046311967	0.001392220099887
0.915909396142524	0.047064129647048	0.001403377057317
0.916533836047165	0.047515760270960	0.001447638915336
0.917159343734966	0.047340851896728	0.001469680238648
0.917783783646883	0.043817365999577	0.001407632566290
0.918408223551523	0.045992413892441	0.001424180455638
0.919033731239324	0.046775331432435	0.001382716771273
0.919658171151241	0.046387390476025	0.001329955812578
0.920283678839041	0.045614901573414	0.001389877342933
0.920908118743682	0.045491697737172	0.001377126983125
0.921533626431483	0.047004468105333	0.001422645766782
0.922158066343400	0.044199580447973	0.001356147017859
0.922783574031200	0.045454901807064	0.001320351247101
0.923408013935841	0.046596619460941	0.001377953161139
0.924033521623642	0.042742927429274	0.001263944570848
0.924657961535559	0.045494817560326	0.001434106541086
0.925282401440199	0.045261760611260	0.001289703688787
0.925907909128000	0.046456184820114	0.001398477363487
0.926532349039917	0.042669772236965	0.001353720409545
0.927157856727717	0.042663287796995	0.001375491068062
0.927782296632358	0.043143268354068	0.001339985276112
0.928407804320159	0.044639542079208	0.001284302483988
0.929032244232076	0.044336621062679	0.001334616287429
0.929657751912600	0.043874353471445	0.001402909089182
0.930282191824517	0.045212829664407	0.001403694239386
0.930907699512318	0.046282818690599	0.001416351247152
0.931532139424235	0.048078023518640	0.001492748107179
0.932156579328876	0.045699336634588	0.001516715804750
0.932782087016676	0.045520511747654	0.001458015820232
0.933406526928593	0.046169239035778	0.001500547356435
0.934032034609118	0.045726669179254	0.001478345342063
0.934656474521034	0.047711074407404	0.001443157995710
0.935281982208835	0.046535863953394	0.001473208561846
0.935906422120752	0.047344957545717	0.001521774080322
0.936531929801276	0.046480587432849	0.001609502605009
0.937156369713193	0.048071565074628	0.001433283359620
0.937781877400994	0.047325574291300	0.001379173889462
0.938406317305635	0.045647988076369	0.001354448659959
0.939030757217552	0.045785674502326	0.001391262311636
0.939656264905352	0.042540812616026	0.001319399907573
0.940906212497794	0.044068414912657	0.001359581596860
0.941530652409710	0.044416024073726	0.001383648664315
0.942156160097511	0.043731382648629	0.001344246378573
0.942780600002152	0.043675308799650	0.001356985906747
0.943406107689952	0.045418162776780	0.001420992322046
0.944030547601869	0.047276913884314	0.001451054828499
0.944656055289670	0.043735207100592	0.001444818323310
0.945280495194311	0.046559340517162	0.001596222014853
0.945904935106228	0.046589281704089	0.001666681922853
0.946530442794028	0.047988145861245	0.001757759212452
0.948404830298387	0.046389871939874	0.001601086621931
0.949030337986187	0.047744485891848	0.001586010498949
0.949654777890828	0.045380200093244	0.001489437219211
0.950280285578629	0.047812512018684	0.001674684440439
0.950904725490545	0.042775328736672	0.001467029351826
0.951530233171070	0.046114477100817	0.001471154249750
0.952779112994904	0.046206546738096	0.001625305567789
0.953404620682704	0.046226097046579	0.001441801264159
0.954029060587345	0.045263473952860	0.001414705028279
0.954654568275146	0.047228709855408	0.001609597067912
0.955279008187063	0.044003204173165	0.001514970822171
0.955904515867587	0.047972657032798	0.001518559447851
0.956528955779504	0.044255098816336	0.001415045048571
0.957154463467305	0.043630807972238	0.001438041167536
0.957778903379221	0.048108869075551	0.001513928742817
0.959028850971663	0.044726067741364	0.001509606549346
0.959653290883580	0.046845782551405	0.001638964276350
0.960278798564104	0.046516142949594	0.001613818519088
0.960903238476021	0.046610515986589	0.001524148849560
0.961528746163822	0.044881400805411	0.001434791332620
0.962153186075739	0.042809895488821	0.001404338661912
0.963403133668180	0.042925081385780	0.001541708677952
0.964653081260622	0.045974119477745	0.001501267207698
0.965277521172538	0.044055275869492	0.001403766710920
0.965903028860339	0.043982547387015	0.001567995949009
0.966527468772256	0.045942628963178	0.001705505395219
0.967152976452780	0.045798767373349	0.001701167759079
0.967777416364697	0.046112392210754	0.001635953033757
0.969027363957139	0.048360352357687	0.001577262083081
0.969652871644939	0.045452323565796	0.001570796091150
0.970277311556856	0.047714251503090	0.001546258573703
0.970902819244657	0.047149424528267	0.001512362077074
0.971527259149298	0.047735332545262	0.001428592560569
0.972151699061214	0.047984428845854	0.001605653037411
0.974027154341456	0.047278219685470	0.001499361675945
0.975277101941174	0.044967212190677	0.001513399715464
0.975901541845815	0.046849648458626	0.001439276658034
0.976527049533615	0.048485750481881	0.001497415946633
0.977151489445532	0.044899606497831	0.001419809935195
0.977776997126057	0.047194396782944	0.001472226954037
0.978401437037974	0.045811021783854	0.001524259907465
0.979025876949891	0.047495520845928	0.001510526750007
0.979651384637691	0.045790610528995	0.001537987347549
0.980901332230133	0.043879693675889	0.001364800128223
0.981525772142049	0.042981810373915	0.001344168195532
0.982151279822574	0.047269942400207	0.001407812305733
0.982775719734491	0.042186266183942	0.001357674388272
0.983401227422291	0.044987719198035	0.001378346864911
0.984025667334208	0.045101667800320	0.001390395065107
0.985275614926650	0.045306612852427	0.001384066139538
0.985900054838567	0.046433807126012	0.001342618034292
0.986525562519091	0.045084872848483	0.001355743177726
0.987150002431008	0.045539893786471	0.001479645317380
0.987775510118809	0.046945931789082	0.001625546167568
0.988399950030725	0.046000454036162	0.001508501240069
0.989025457711250	0.045623745395724	0.001523023271679
0.989649897623167	0.045963175460307	0.001395243713725
0.990275405310967	0.045457297460930	0.001415317608775
0.990899845215608	0.047721973873646	0.001467331484376
0.991525352903409	0.046151313451041	0.001466954395680
0.992149792815326	0.046897496418984	0.001407344652068
0.992774232727243	0.043999455115107	0.001349490773998
0.994024180319684	0.042842463624496	0.001504587938435
0.994649688007485	0.045397396751621	0.001604331228559
0.995274127912126	0.046314340538701	0.001526069497757
0.995899635599926	0.045268803004959	0.001481298519586
0.996524075511843	0.041804665125814	0.001387378138796
0.997149583199644	0.048276993639128	0.001428918384974
0.997774023104284	0.042523844793446	0.001490200811777
0.998399530792085	0.047181509491093	0.001529004030100
0.999023970704002	0.047445802056508	0.001600034714159
0.999648410608643	0.047305081636397	0.001508733432497
1.000273918296443	0.046957292999380	0.001396749942246
1.000898358208360	0.043190936120569	0.001544892958506
1.001523865896161	0.046785329985653	0.001602396547013
1.002148305800802	0.042395197575655	0.001347691689217
1.002773813488602	0.045881720546482	0.001386669682409
1.003398253400519	0.044832977659340	0.001472595980054
1.004023761088320	0.044606845374453	0.001482132447111
1.004648200992960	0.045222715901878	0.001492784186251
1.005273708680761	0.045471088582138	0.001422581572049
1.005898148592678	0.045661345645942	0.001412495912357
1.006522588497319	0.048151693470575	0.001420209484968
1.007148096185119	0.047568445075327	0.001416730842875
1.007772536097036	0.045008147428262	0.001421629388146
1.008398043784837	0.047955760046338	0.001574110402240
1.009022483689478	0.044706397006554	0.001428803163380
1.009647991377278	0.045853909544034	0.001417294556020
1.010272438754328	0.045684499314129	0.001524981648246
1.010897938969720	0.044866416906542	0.001604050037074
1.011522386346769	0.044548621690975	0.001435202895403
1.012147886569437	0.042573641447087	0.001477014019197
1.012772333946486	0.046824625339193	0.001635648369233
1.014646721450845	0.045818283778948	0.001622230402996
1.015272229138645	0.047461561640880	0.001544324485799
1.017146616643004	0.046234259563904	0.001573449499922
1.018396564235445	0.046719043847433	0.001513245585235
1.019646511835163	0.048570313848185	0.001632268450969
1.020270951739803	0.047852325436574	0.001450835533676
1.020896459427604	0.047510210607404	0.001598978533939
1.022146407027321	0.046851060090248	0.001482816027935
1.022770846931962	0.047817562909342	0.001569735625529
1.023396354619763	0.047046161388672	0.001504910774103
1.024020794531680	0.043319432799105	0.001516279141248
1.024646302212204	0.042506779195673	0.001475572442089
1.025270742124121	0.046120920278224	0.001479894250932
1.025895182036038	0.046013301449709	0.001450062976926
1.026520689723839	0.044777110478242	0.001416586797317
1.027770637316280	0.046390105029993	0.001413194128332
1.028395077228197	0.045475320776031	0.001423758510227
1.029020584908722	0.043644454586947	0.001421581056568
1.029645024820638	0.045141160106763	0.001410443800340
1.030270532508439	0.045238167892344	0.001430192069210
1.030894972420356	0.045374022454217	0.001471975309374
1.031520480100880	0.043496576746163	0.001425752115071
1.032144920012797	0.044372013037653	0.001386693729516
1.032769359924714	0.047423306522093	0.001478785640318
1.033394867605239	0.047606511179502	0.001543081970575
1.035269255116873	0.042546388766640	0.001648187261411
1.036519202709314	0.047387178994464	0.001537744721757
1.037144710397115	0.043890784723253	0.001418080145780
1.037769150301756	0.044519299795682	0.001428218417515
1.038394657989556	0.046948497580612	0.001485285448279
1.039019097901473	0.043391215678658	0.001436896421030
1.039643537813390	0.047246579105630	0.001485820348670
1.040269045493915	0.045887237276198	0.001493857665003
1.040893485405832	0.042260994413059	0.001386901041495
1.041518993093632	0.047700758841574	0.001440068554603
1.042143432998273	0.045400866531191	0.001354051351409
1.042768940686074	0.043566753476863	0.001438433948487
1.043393380597990	0.047399048046435	0.001527399437004
1.044018888285791	0.046021546021546	0.001429408688949
1.044643328190432	0.045818353583331	0.001417387823540
1.045268835878232	0.045488574962568	0.001329767681792
1.045893275790149	0.045289889287185	0.001382405521258
1.046517715694790	0.045882451034499	0.001381313152625
1.047143223382591	0.043481266948860	0.001362821500096
1.047767663294508	0.044720392985871	0.001399226126565
1.048393170982308	0.046860154068790	0.001571251850846
1.049017610886949	0.046601052702109	0.001467040708942
1.050267558486667	0.046319556894021	0.001396816671112
1.050893066167191	0.048273545111800	0.001490891252042
1.051517506079108	0.046945480048725	0.001524795239155
1.052767453678825	0.044174960607934	0.001450490744935
1.053391893583466	0.048258481471603	0.001558554986099
1.054017401271267	0.046014771679230	0.001448559353239
1.054641841183184	0.045151365391261	0.001394166999594
1.055267348863708	0.044619282976290	0.001349157639634
1.055891788775625	0.045454717216413	0.001526126576828
1.056517296463426	0.045267520497935	0.001677479863744
1.059017191655585	0.046305539371584	0.001949248696835
1.059641631560226	0.047532533694944	0.001718677260724
1.060266071472142	0.046268299580170	0.001598323779966
1.060891579159943	0.045809814929710	0.001591944483252
1.061516019071860	0.046048393331100	0.001487680253472
1.062141526752384	0.045605843813540	0.001636594929531
1.062765966664301	0.045387817405153	0.001502306545337
1.063391474352102	0.047293186233185	0.001659939039200
1.064015914256743	0.046344523438391	0.001539473438045
1.065265861856460	0.045144240542588	0.001471079022999
1.065891369544261	0.044942285110814	0.001524238991621
1.066515809448902	0.043440292752264	0.001360790155540
1.067140249360818	0.042578145491880	0.001389247507888
1.067765757048619	0.046773178352423	0.001414605216579
1.068390196953260	0.043616833137259	0.001432664858839
1.069640144552977	0.044235919796771	0.001527477430722
1.070265652240778	0.046755370006788	0.001561811859658
1.072140039745136	0.042697302237001	0.001400226110553
1.072765547425661	0.043733979029811	0.001493399176414
1.073389987337578	0.047342750794645	0.001405972154075
1.074014427249494	0.042834229997046	0.001346040359911
1.074639934937295	0.044058692877302	0.001470195734150
1.075264374841936	0.044255809515421	0.001456302243201
1.075889882529736	0.047609120235248	0.001511652351165
1.076514322441653	0.046720315154355	0.001595902242178
1.077139830122178	0.046159729050585	0.001468286807972
1.077764270034095	0.043592895972508	0.001549810037062
1.078389777721895	0.047662537603304	0.001517673890905
1.079014217633812	0.048457477065446	0.001599957626927
1.079639725314337	0.043189306574809	0.001443825169175
1.080264165226254	0.043959677928756	0.001407959783386
1.080888605138171	0.046565980743817	0.001461666545418
1.081514112818695	0.047104103440658	0.001512062786691
1.082138552730612	0.043904428991669	0.001588711559781
1.082764060418413	0.044689399710236	0.001515338276747
1.083388500330329	0.048404200732049	0.001498639296937
1.084014008010854	0.044659449354054	0.001374605039754
1.084638447922771	0.044090661690382	0.001383370549415
1.085263955610571	0.044337944849018	0.001407296018640
1.085888395515212	0.045167281559110	0.001523209392424
1.086512835427129	0.045601738066738	0.001367021572636
1.087138343114930	0.047653345637748	0.001587218022589
1.087762783026847	0.047496719584542	0.001652215655642
1.088388290707371	0.045272227725548	0.001546718056848
1.089012730619288	0.043347286589924	0.001441939923410
1.089638238307089	0.045050523249703	0.001448998036629
1.090888185899530	0.046896284800352	0.001498914219610
1.091512625811447	0.042765903466939	0.001378304091779
1.092138133499247	0.043224853730116	0.001382965879843
1.092762573403888	0.046953163963910	0.001432799534721
1.093387013315805	0.043936314363144	0.001370097886035
1.094012521003606	0.045660986759201	0.001383412418099
1.094636960915523	0.042343306670968	0.001428227811775
1.095262468596047	0.048525837305470	0.001480571475792
1.095886908507964	0.045210815765353	0.001386402775855
1.096512416195765	0.045307005680281	0.001409332975327
1.097136856100406	0.043910924506888	0.001394641235545
1.097762363788206	0.043835177048911	0.001368258025692
1.098386803700123	0.045557258842900	0.001461002081530
1.099012311387924	0.046862920462642	0.001389055174494
1.100261191204481	0.044973456521820	0.001379020361799
1.100886698892282	0.042669588294734	0.001314172225930
1.101511138796923	0.048383365255153	0.001454338287545
1.102136646484723	0.043202344097199	0.001351641035668
1.102761086396640	0.046072423398329	0.001441931548653
1.103386594084441	0.043980472655492	0.001409715475324
1.104011033989082	0.044637521943905	0.001367250962395
1.104636541676882	0.045503763169193	0.001391254489391
1.105260981588799	0.042698939510767	0.001351880220977
1.105886489269324	0.044552947062342	0.001385147263153
1.106510929181240	0.046069959456660	0.001410242538015
1.107135369093157	0.041728657982317	0.001327910976563
1.107760876780958	0.043058439179287	0.001323752721508
1.108385316685599	0.046376324197074	0.001487564628036
1.109010824373399	0.043965872359060	0.001388162114819
1.109635264285316	0.043108849462859	0.001408202225128
1.110260771965841	0.043934630186883	0.001361095045990
1.110885211877758	0.043330217145116	0.001397512280817
1.112135159477475	0.046579004353248	0.001460658315163
1.112760667158000	0.042162593786724	0.001426111693509
1.113385107069917	0.047804064209704	0.001548935627859
1.114009546981833	0.046503611841057	0.001523526759900
1.114635054662358	0.042335825627867	0.001498404494495
1.115259494574275	0.045127178323728	0.001434844238615
1.116509442173992	0.045385419636917	0.001469860277912
1.117759397231566	0.045769405062472	0.001453298153518
1.118384897454234	0.043145546415257	0.001419131711113
1.119009344831284	0.045276047032347	0.001410844203222
1.119634845046676	0.044534197395643	0.001342852129914
1.120259292423725	0.044737868194018	0.001408303925876
1.120883732335642	0.042889365560249	0.001410705404921
1.121509240023443	0.046820020054094	0.001477083216580
1.122133679928083	0.043933504009894	0.001406047077487
1.122759187615884	0.044156321416677	0.001484170660512
1.123383627527801	0.048021185817272	0.001585792355096
1.124009135208325	0.045718924341690	0.001432524132331
1.124633575120242	0.045085543037062	0.001366951320184
1.125259082808043	0.043747037144649	0.001379820109756
1.125883522719960	0.045012248488847	0.001403750181513
1.126509030400484	0.043192926164982	0.001490769286194
1.127133470312401	0.045831117097605	0.001464895335470
1.127757910224318	0.043828000014986	0.001415184758257
1.128383417904843	0.044807260372368	0.001458963360774
1.130257805416477	0.045376698938017	0.001500814083672
1.130883313097002	0.045352955980513	0.001468354542194
1.131507753008918	0.047099123869708	0.001433226225269
1.132133260696719	0.047264657931284	0.001510133079234
1.132757700601360	0.042392110000151	0.001408708384284
1.133383208289160	0.042859961450318	0.001354155521587
1.134007648201077	0.044023405910984	0.001399403708007
1.134632088112994	0.043770224383715	0.001425230494209
1.135257595793519	0.046738320174037	0.001562702988057
1.135882035705436	0.046936319397206	0.001517840534290
1.136507543393236	0.042248835662009	0.001420350406013
1.137131983297877	0.042832184468052	0.001369066141273
1.137757490985678	0.044237617946176	0.001341407623984
1.138381930897594	0.045714842155332	0.001431241807589
1.139007438585395	0.045583459128128	0.001436669553513
1.139631878490036	0.042690264447771	0.001219826025509
1.140256318401953	0.046261599034485	0.001396927993598
1.141506265994394	0.043165132630729	0.001357074596916
1.142131773682195	0.043080315274104	0.001395982344026
1.144006161186553	0.048429727829517	0.001363796641099
1.144631668874354	0.042071789282742	0.001272686435061
1.145256108786270	0.042026478193669	0.001284320391590
1.145881616466795	0.044436381407954	0.001304671837507
1.147756003978429	0.043385270022173	0.001379202414540
1.148380443883070	0.041885050958406	0.001363243235193
1.149005951570871	0.042469740114058	0.001335956041067
1.149630391482788	0.042346145816419	0.001363029365517
1.150255899163312	0.046657408184600	0.001397346523771
1.150880339075229	0.046519164152419	0.001365474938172
1.152130286674947	0.047694510739857	0.001471433528957
1.152755794355471	0.045600183087310	0.001400527594651
1.153380234267388	0.044906318451820	0.001416702032526
1.154004674179305	0.047588886543027	0.001471545084583
1.154630181859829	0.045714738522261	0.001505180518135
1.155254621771746	0.046594284044988	0.001587475170007
1.155880129459547	0.046906168878737	0.001514639156211
1.156504569371464	0.044893588751592	0.001371873910357
1.157130077051988	0.042881188081530	0.001347906087420
1.157754516963905	0.043314862040535	0.001356827434737
1.158380024651706	0.044297814197193	0.001358142022119
1.159004464556347	0.044854034711580	0.001464057251151
1.160254412156064	0.044571315625428	0.001455332405470
1.160878852067981	0.041697901406039	0.001409943777781
1.161504359748506	0.044722478474785	0.001490099425183
1.162128799660422	0.047189431003785	0.001503963829796
1.162754307348223	0.043479558674831	0.001483287499165
1.163378747252864	0.048207570346014	0.001479462094622
1.164004254940664	0.044055153707052	0.001502213653031
1.164628694852581	0.043601765974195	0.001575712806987
1.165254202540382	0.046453464534645	0.001520891696228
1.165878642445023	0.045816181352556	0.001607569830395
1.166504150132823	0.044607240903369	0.001749364599907
1.167128590044740	0.045170856438228	0.001662515232313
1.167753029949381	0.048473079398383	0.001688966244464
1.168378537637182	0.042717057362906	0.001512786693194
1.169002977549098	0.048067151120586	0.001510054551118
1.169628485236899	0.044353636440088	0.001436536632844
1.170252925141540	0.043407183198492	0.001402509307312
1.170878432829340	0.045612683034240	0.001544298882234
1.171502872741257	0.044095067065396	0.001575348021243
1.172128380429058	0.047757101761956	0.001443793095567
1.172752820333699	0.043931432185016	0.001355164581110
1.173378328021499	0.042891336653319	0.001360373651495
1.174002767933416	0.045001441154121	0.001378082966908
1.174627207838057	0.043628288349846	0.001347804363908
1.175252715525858	0.042658781750778	0.001351281171534
1.175877155437774	0.044640550000392	0.001412790997892
1.176502663125575	0.043278172268348	0.001395592963614
1.177127103030216	0.043301214164255	0.001441885812254
1.177752610718017	0.041804768121231	0.001416055472408
1.178377050629933	0.044159230149440	0.001409966213319
1.179002558310458	0.044866905866662	0.001512905381651
1.179626998222375	0.042193709549222	0.001369192426065
1.180252505910175	0.046834581347856	0.001449338750376
1.180876945822092	0.045414794938298	0.001417683009839
1.181501385726733	0.045185661156220	0.001447445556502
1.182126893414534	0.044975076926571	0.001415650123679
1.182751333326451	0.043667681353448	0.001420168394365
1.183376841006975	0.046968386881466	0.001472207322460
1.184001280918892	0.044692841680973	0.001440593611444
1.184626788606693	0.044489039365606	0.001464214472689
1.185251228518609	0.044859876655179	0.001491645197744
1.185876736199134	0.046431479271462	0.001506244947717
1.186501176111051	0.044613685429839	0.001442938527986
1.187126683798851	0.046283917085822	0.001436627382215
1.188375563615409	0.044439532969545	0.001440192928683
1.189001071303210	0.044757677861455	0.001522765499065
1.189625511215127	0.046223856172521	0.001520730718208
1.190875458807568	0.047214198844634	0.001483308369982
1.191500966495369	0.044565825286156	0.001461039854731
1.192125406400010	0.043329475883299	0.001484075034781
1.192750914087810	0.046527319848487	0.001483849924597
1.193375353999727	0.042541661542246	0.001405115111077
1.194000861687528	0.044005391815345	0.001441495772843
1.194625301592168	0.045619941182560	0.001426250381479
1.195249741504085	0.042789505131715	0.001338728624965
1.195875249191886	0.044187942271703	0.001423314510264
1.197125196784327	0.045847469442766	0.001491213944967
1.197749636696244	0.045755523582099	0.001413051859246
1.198375144384045	0.044084216548236	0.001410881053849
1.198999584288686	0.044751615501029	0.001388193824534
1.199625091976486	0.044415667030171	0.001381942286747
1.200249531888403	0.042051502442356	0.001353097007162
1.200875039568928	0.044745203563501	0.001436632710731
1.201499479480844	0.044356298320016	0.001553085339746
1.202123919392761	0.047974892783961	0.001516499294519
1.202749427080562	0.042009918747486	0.001352842091494
1.203373866985203	0.043189103478172	0.001409790292203
1.203999374673003	0.046588006325265	0.001494255405768
1.204623814584920	0.045845008252409	0.001477570142575
1.205249322265445	0.044361744297474	0.001396471790771
1.205873762177362	0.043946618034573	0.001409384005006
1.206499269865162	0.041745379401809	0.001370564643253
1.207123709777079	0.047645103226026	0.001487869457027
1.207749217457604	0.047802327061246	0.001497332377188
1.208998097281437	0.042783403922615	0.001370376570278
1.209623604961962	0.044505069582891	0.001325279155972
1.210248044873879	0.046495518139422	0.001450266600984
1.210873552561679	0.044927436392027	0.001381826319364
1.211497992473596	0.045118548987465	0.001481195892551
1.212123500154121	0.047250487924793	0.001627198151901
1.212747940066038	0.046151391548045	0.001591896093415
1.213373447753838	0.043294606417934	0.001393031946196
1.213997887658479	0.047611447419922	0.001426264452041
1.215247835258197	0.047195046953582	0.001678103368360
1.217122222762555	0.042043060663406	0.001998650563527
1.217747730450355	0.048528711551281	0.001729015182999
1.218372170354996	0.045851644188513	0.001627690221139
1.218997678042797	0.043224619675268	0.001592311954447
1.219622117954714	0.043094044029636	0.001569459344780
1.220247625642514	0.045483281027748	0.001687691063050
1.220872065547155	0.044511559616277	0.001493892718581
1.221496505459072	0.044176992475574	0.001492516342403
1.222122013146873	0.044211169021285	0.001587123433059
1.222746453051514	0.048034041779925	0.001530294917935
1.223996400651231	0.043216861036114	0.001566236480846
1.224621908339032	0.048386296212865	0.001524801043050
1.225246348243672	0.043192232831155	0.001450394750326
1.225871855931473	0.043849281482246	0.001410231871723
1.226496303308522	0.044464738189255	0.001399116847738
1.227121803523914	0.046823842541833	0.001422475375684
1.227746250900964	0.042971028582539	0.001482442574659
1.228370690812881	0.046736756711731	0.001571686591786
1.228996198500681	0.043517494213902	0.001369940652464
1.229620638412598	0.047609682357886	0.001481531257417
1.230246146093123	0.047506655629880	0.001603179407539
1.231496093692840	0.047153954481443	0.001815860133337
1.232120533597481	0.046055821040238	0.001680049394562
1.232746041285282	0.046300117757087	0.001770159245702
1.233995988884999	0.042428794268877	0.001568605842672
1.234620428789640	0.046307487293913	0.001476126251810
1.235244868701557	0.044479449100320	0.001470163401557
1.235870376389357	0.041914832259925	0.001390383850219
1.236494816293998	0.041970498853439	0.001476484071032
1.237120323981799	0.043425281879640	0.001485753261305
1.237744763893716	0.041648039676444	0.001434216556670
1.238370271581516	0.042221803093172	0.001409314438636
1.240244659085874	0.043992189094775	0.001393341369993
1.240870166766399	0.043301371432937	0.001412334297265
1.241494606678316	0.041786587021450	0.001374768421003
1.242119046590233	0.043830334190231	0.001343127056355
1.242744554278033	0.042468777382076	0.001464578580336
1.243994501870475	0.043867422210822	0.001448510434499
1.245868889374833	0.042895573489851	0.001503007278069
1.246494397062634	0.043984753094351	0.001570985758358
1.247118836974551	0.047407206167012	0.001723617497548
1.247744344655075	0.045541543221206	0.001657628067515
1.248368784566992	0.047675111609999	0.001972840154071
1.248993224478909	0.043404325142736	0.001731070892155
1.249618732159433	0.048332439598415	0.001624204554915
1.250243172071350	0.044699759715798	0.001607736720732
1.250868679759151	0.048435049277805	0.001615326154581
1.251493119671068	0.044945184759928	0.001522944812499
1.252118627351592	0.044710571193163	0.001470977912488
1.252743067263509	0.048332480139545	0.001623269573871
1.253368574951310	0.046049242010273	0.001606996507281
1.253993014855951	0.046770584945097	0.001699188516377
1.254618522543751	0.047319110758121	0.001559019774718
1.255867402367585	0.046530665832590	0.001452744022617
1.256492910048109	0.043184133146273	0.001379317585121
1.257117349960026	0.045107186362871	0.001491075447970
1.257742857647827	0.044713719634756	0.001575501373691
1.258367297552468	0.045527162625809	0.001468115592204
1.258992805240268	0.044362342425115	0.001512790688419
1.259617245152185	0.045716441060892	0.001428320042234
1.260242752839986	0.042829198366421	0.001524659834021
1.260867192744627	0.041793116745397	0.001355924362831
1.261492700432427	0.042204455256887	0.001365306158659
1.262117140344344	0.042542093022344	0.001390470066773
1.262741580248985	0.046431199963952	0.001472556444579
1.263367087936786	0.043870363505102	0.001481270060070
1.263991527848702	0.044615593917223	0.001503299865826
1.264617035536503	0.044636370347060	0.001422270856206
1.265241475441144	0.046885968553981	0.001509838400904
1.265866983128944	0.044362105785367	0.001483099534128
1.266491423040861	0.044618651371977	0.001441412079813
1.267116930728662	0.045524125697486	0.001582710072427
1.267741370633303	0.044849512827729	0.001550236606916
1.268365810545220	0.044239188584280	0.001675814255828
1.268991318233020	0.044777220691156	0.001522770840927
1.270241265825462	0.045083671235176	0.001547348046556
1.270865705737378	0.042805178215354	0.001446773890756
1.271491213425179	0.043611747047319	0.001552018135959
1.272115653329820	0.047325141956435	0.001576174373973
1.272741161017620	0.042716752922021	0.001405551512208
1.273365600929537	0.042827339368768	0.001445204086930
1.273991108610062	0.044458267360326	0.001458675283981
1.274615548521979	0.042511696028473	0.001357509419754
1.275239988433896	0.045249568863044	0.001531258542733
1.275865496121696	0.043713525392699	0.001450919687717
1.276489936026337	0.048107489014243	0.001523943733149
1.277115443714138	0.046288777001787	0.001580969555884
1.277739883626055	0.046050338672283	0.001556426399300
1.278365391306579	0.045063266800275	0.001724939394458
1.278989831218496	0.044548365188707	0.001442947479247
1.279615338906297	0.046392112178220	0.001469157124428
1.280239778818213	0.044125194416476	0.001510497665009
1.280865286498738	0.043765276392718	0.001473052724527
1.281489726410655	0.046465247020663	0.001737115167019
1.282114166322572	0.047039393904397	0.001750188100891
1.282739674003096	0.046472790095019	0.001741540199400
1.283364113915013	0.044895088500762	0.001725721354924
1.283989621602814	0.043422685344377	0.001719925209245
1.284614061514731	0.045981401716125	0.001643830401449
1.285239569195255	0.044395154935208	0.001505913409300
1.285864009107172	0.047887848148378	0.001570347710214
1.286489516794973	0.045509792230427	0.001475686721174
1.287113956699613	0.047734320372116	0.001506027796425
1.287739464387414	0.044050207927969	0.001490371409164
1.288363904299331	0.042499050661405	0.001574775519477
1.288988344211248	0.044563643717656	0.001679915597525
1.289613851891772	0.045047186084130	0.001669310667658
1.290238291803689	0.048273135641504	0.001682255962000
1.290863799491490	0.046467736657458	0.001748718687827
1.292113747083931	0.043773853592059	0.001807285897424
1.292738186995848	0.045157247786618	0.001707340078521
1.293363694683649	0.047170289106967	0.001628164909424
1.293988134588290	0.045515301825711	0.001736211484913
1.295238082188007	0.047139473230113	0.001767121217673
1.295862522092648	0.043740673318072	0.001533112788081
1.296488029780448	0.047673927678948	0.001541269122190
1.297737977380166	0.044990058346100	0.001433117910958
1.300862312476966	0.042165493651532	0.001362051227310
1.301487820164766	0.043891664969689	0.001370425455750
1.302736699981324	0.042223236828652	0.001445315528217
1.303362207669124	0.043255501761437	0.001471187681643
1.304612155261566	0.042208800951782	0.001607090613914
1.305236595173483	0.041935560500123	0.001477892883863
1.305862102861283	0.046485685310867	0.001490183506429
1.306486542773200	0.043232668463195	0.001471207534918
1.307112050453725	0.043564903046253	0.001394937988926
1.307736490365642	0.043416863013646	0.001400122130519
1.308361998053442	0.045739418971057	0.001476461004908
1.308986437958083	0.045802124485617	0.001444460532273
1.309610877870000	0.043949735533525	0.001424535335368
1.310236385557801	0.045142360775987	0.001482242583230
1.310860825469717	0.044191989555055	0.001467157481080
1.311486333150242	0.041813467793887	0.001460569105280
1.312736280749959	0.043858767112692	0.001495621698961
1.313360720654600	0.043564333055210	0.001509122182264
1.313986228342401	0.045179881785321	0.001581097181940
1.314610668254318	0.044916375479187	0.001548428127866
1.315236175942118	0.046224178801219	0.001589837228991
1.315860615846759	0.043479114398678	0.001463024328816
1.316485055758676	0.041850052250589	0.001530254492018
1.317110563446477	0.045787877594423	0.001633060623600
1.317735003351117	0.045668350906038	0.001623660368564
1.318360511038918	0.044082648626294	0.001527982379422
1.319610458638635	0.047907389548666	0.001552770523307
1.320234898543276	0.042168185561669	0.001417432265934
1.320860406231077	0.044903174223689	0.001519674494789
1.322110353823518	0.042609920321031	0.001494999117922
1.322734793735435	0.047246637053839	0.001532109442879
1.323359233647352	0.041843562528842	0.001607761029947
1.323984741335153	0.044594291205999	0.001562039317968
1.324609181239794	0.042191899501841	0.001466405878355
1.325859128839511	0.044331674827046	0.001437903693334
1.326484636520036	0.041670517204202	0.001453301412100
1.327109076431952	0.042934060013102	0.001474706972392
1.327734584119753	0.042197443154835	0.001427027567370
1.328359024031670	0.043853298385942	0.001577482457363
1.328984531712194	0.042458575598097	0.001567532407358
1.329608971624111	0.046841824373875	0.001627325269032
1.330233411536028	0.046011542111870	0.001541896482919
1.330858919216553	0.045394637673878	0.001498805114011
1.331483359128470	0.043412441484035	0.001411999737547
1.332108866816270	0.043696305306254	0.001521367421733
1.332733306728187	0.042678251980578	0.001515426322315
1.333358814408712	0.042698660403887	0.001370912948973
1.333983261785761	0.043560756418602	0.001482517817819
1.334608762008429	0.044699951287028	0.001503261312827
1.335233209385478	0.042686561349514	0.001489522722528
1.335857649290119	0.044321004097558	0.001568924496365
1.336483156977920	0.047102485792709	0.001584881330276
1.337107596889837	0.042334144332267	0.001617564825955
1.337733104577637	0.044344388990995	0.001544314366261
1.338357544482278	0.045150294870110	0.001521794948384
1.338983052170079	0.042677383483876	0.001480989783607
1.340857439674437	0.047033568252714	0.001680320899728
1.341482947362238	0.043835801870297	0.001700811955196
1.342107387274154	0.043289688715194	0.001499635713866
1.342731827178795	0.046025614652617	0.001535016247480
1.343357334866596	0.046565473667989	0.001537431098022
1.343981774778513	0.045958572883857	0.001548958800688
1.344607282459037	0.043053646209960	0.001531513892014
1.345231722370954	0.041770677965442	0.001581511541424
1.345857230058755	0.046131043568846	0.001615128716282
1.346481669970672	0.043120951368075	0.001502652903453
1.347107177651196	0.043253488905030	0.001470405348601
1.347731617563113	0.041966833236124	0.001483079233849
1.348357125250914	0.046169411892403	0.001420133050992
1.348981565155555	0.042871886850070	0.001509425244214
1.349606005067471	0.044144668163836	0.001527941371783
1.350231512755272	0.044693241161664	0.001513248562371
1.350855952667189	0.043782633018399	0.001501960406733
1.351481460347713	0.046012174548508	0.001500863599928
1.352105900259630	0.042933921045509	0.001509878519222
1.352731407947431	0.047403673525756	0.001573031706564
1.353355847852072	0.041657917454096	0.001478981538598
1.353981355539872	0.044170854076069	0.001618505978889
1.355231303139590	0.042727632546130	0.001715662617288
1.355855743044231	0.043123841553131	0.001583716137669
1.356480182956147	0.044897055911666	0.001648033709524
1.357105690643948	0.043698780064601	0.001633643182052
1.357730130555865	0.043125983093619	0.001784510864229
1.358355638236389	0.048285278850096	0.001744031651393
1.358980078148306	0.043478427936859	0.001600071616619
1.360855533428548	0.045778836966005	0.001930778189459
1.361479973340465	0.042903361393145	0.001651280190155
1.362105481028266	0.042448746096045	0.001685467806001
1.362729920932907	0.042571308594358	0.001537041314155
1.363979868532624	0.045513121130557	0.001516465891177
1.364604308437265	0.045311481663991	0.001541210971872
1.365229816125066	0.043667553751603	0.001586794006741
1.365854256036982	0.045692152058435	0.001553503344814
1.367104203629424	0.043766999184441	0.001484641607306
1.367729711317224	0.045097433450783	0.001512478271818
1.368354151229141	0.042586726593599	0.001626667228626
1.368979658909666	0.044367094047145	0.001572405739785
1.369604098821583	0.047504488751716	0.001553412617225
1.370854046421300	0.046569237516149	0.001662155305385
1.371478486325941	0.043838492966212	0.001629599780976
1.372103994013742	0.044443672383776	0.001573477382415
1.372728433925658	0.045882352941176	0.001576784022141
1.373353941606183	0.042785673589485	0.001480707948861
1.373978381518100	0.043988164116773	0.001571322101582
1.374603889205900	0.043934734491607	0.001402140430004
1.375853836798342	0.042208325832935	0.001503978749882
1.377102716622176	0.045729389747448	0.001493173117202
1.377728224302700	0.042598231903423	0.001539765625339
1.378352664214617	0.043587075511475	0.001503218155209
1.378978171902418	0.046001390820584	0.001583233015619
1.379602611814335	0.044271840243819	0.001661980264607
1.380228119494859	0.043496398153692	0.001623596288016
1.380852559406776	0.046366609919853	0.001811577988291
1.381478067094577	0.048378140499458	0.002037944231801
1.382728014687018	0.044282572121239	0.001773205038808
1.383352454598935	0.045469894786367	0.001686586787600
1.383976894510852	0.047192855162039	0.001697220340778
1.384602402191376	0.045050946142649	0.001539022065420
1.385226842103293	0.045196657498835	0.001483549184165
1.385852349791094	0.045354639989873	0.001560169846716
1.386476789695735	0.044444179824875	0.001494913204124
1.387102297383535	0.043403135551575	0.001488084407073
1.387726737295452	0.044581872611967	0.001487770660856
1.388352244983253	0.045441466942470	0.001531347593721
1.388976684887893	0.043099426165116	0.001489310898824
1.389601124799810	0.044278296508582	0.001565976171215
1.390226632487611	0.044610519592800	0.001475333964174
1.390851072392252	0.045427187972027	0.001594751174132
1.391476580080052	0.045724988123885	0.001491446573459
1.392726527679770	0.042186822332407	0.001505455207129
1.393976475272211	0.046460782703244	0.001490494503324
1.394600915184128	0.043086607746748	0.001629682925810
1.395226422864653	0.044343306513721	0.001623330742309
1.395850862776570	0.045837723919916	0.001579898956129
1.396475302688486	0.045504896805180	0.001629909350978
1.397100810376287	0.044015700734036	0.001644858385919
1.397725250280928	0.045341090219672	0.001653532793192
1.398350757968728	0.046860868326964	0.001707583422863
1.398975197880645	0.048203361089612	0.001803663371062
1.399600705561170	0.045739105766171	0.001635792147820
1.400225145473087	0.043192653380227	0.001700509107054
1.401475093072804	0.043060411868364	0.001564523751455
1.402100600753329	0.046942468884938	0.001831685204876
1.403349480577162	0.044995003488131	0.001694890619764
1.403974988257687	0.043869089067544	0.001603913915027
1.404599428169604	0.042763901717378	0.001568633835497
1.405224935857404	0.043906340387699	0.001655188826745
1.405849375769321	0.044897164473266	0.001567688584345
1.406474883449846	0.044373574548688	0.001694542261478
1.407099323361763	0.047637916779383	0.001702607033092
1.407724831049563	0.045949296285658	0.001695472789338
1.408349270954204	0.042783852258057	0.001774969043212
1.409599218553922	0.047828721780287	0.001782459548788
1.410223658465839	0.043718122202561	0.001678367535070
1.410849166146363	0.044699777887007	0.001712668089395
1.411473606058280	0.044159155057817	0.001576393174649
1.412099113746081	0.044048656122376	0.001508532303967
1.412723553650721	0.043835919389299	0.001589021166441
1.413349061338522	0.044108221031724	0.001584327039287
1.413973501250439	0.044246834980720	0.001566662692346
1.414599008938239	0.043707805446915	0.001517028573704
1.415223448842880	0.047048473240840	0.001649880848558
1.415848956530681	0.043039546707028	0.001515325537464
1.416473396442598	0.044442841851956	0.001520642558836
1.417097836347239	0.044779618931209	0.001570517789144
1.417723344035039	0.046117318758745	0.001621804562976
1.418347783946956	0.042551218701829	0.001531131955495
1.418973291634757	0.042819646661409	0.001488536314641
1.419597731539398	0.046184306639499	0.001560263875575
1.420223239227198	0.043351373462131	0.001558884666945
1.420847679139115	0.043508181378467	0.001523436205043
1.421473186826915	0.044362956293929	0.001509744212524
1.423347574331274	0.045563933273430	0.001488135963740
1.424597521923715	0.043320657011085	0.001522654924750
1.425847469523433	0.043846223456785	0.001634032509328
1.426471909428074	0.047493901128527	0.001801051010934
1.427097417115874	0.047155217313567	0.001771306429249
1.427721857027791	0.042858733989233	0.001712150128210
1.428347364708316	0.045877810583693	0.001645590868848
1.428971804620232	0.045481252415926	0.001595370165849
1.429597312308033	0.043652119801330	0.001652844406715
1.430846192124591	0.047576196399741	0.001708319651489
1.431471699812391	0.047197291464912	0.001729859553632
1.432096139724308	0.046912714058562	0.001718580863606
1.432721647404833	0.045825624421832	0.001705906702456
1.433346087316750	0.047866360724406	0.001785561950231
1.433971595004550	0.043998685614494	0.001625850356105
1.434596034916467	0.044173310172719	0.001688960897339
1.435221542596992	0.043939635495449	0.001572673421783
1.435845982508908	0.043371413906538	0.001533982305013
1.437095930101350	0.042731238315677	0.001553737171488
1.438345877701067	0.045493589795050	0.001532582907822
1.439595825293509	0.042404427791247	0.001567822953870
1.440220265205426	0.043842067751627	0.001588500316621
1.440845772893226	0.045923302608543	0.001565923168590
1.441470212797867	0.044951200836446	0.001545649505911
1.442720167862717	0.043171648469662	0.001564553785672
1.443345668085385	0.042383001382097	0.001582587584606
1.443970115462434	0.044973379021571	0.001606051237997
1.444594555367075	0.044480448596413	0.001652291333227
1.445220063054876	0.043913088023202	0.001468606552320
1.445844502966793	0.042404170259465	0.001525681603805
1.447094450559234	0.044026549502666	0.001663581074068
1.447719958247035	0.044069186438600	0.001736821514083
1.448344398158952	0.047077197679607	0.001760308274923
1.448969905839476	0.045613767314076	0.001662325545184
1.449594345751393	0.045784194516915	0.001659064667268
1.450219853439194	0.048018486424032	0.001728972690047
1.450844293343835	0.042748781433810	0.001548600386965
1.451468733255751	0.048390496667548	0.001693911443710
1.452094240943552	0.043421925613706	0.001597683282830
1.452718680855469	0.041772623082499	0.001529247095475
1.453344188535993	0.045238726376848	0.001604347240488
1.454594136135711	0.044554531845610	0.001606889572614
1.455218576040352	0.043008467070535	0.001513037193543
1.455844083728152	0.045526365437223	0.001559224757547
1.456468523640069	0.047728885046733	0.001624095069697
1.457092963551986	0.043456677278028	0.001573410334554
1.458342911144427	0.045532226069320	0.001477957942135
1.458968418832228	0.043525197507238	0.001508195564145
1.459592858736869	0.046055944874973	0.001591945927913
1.460218366424670	0.043915345995526	0.001461421159460
1.460842806336586	0.041706381403263	0.001431460618798
1.462092753929028	0.044698614323256	0.001512018585062
1.462718261616828	0.045117651291646	0.001562288164445
1.464592649121187	0.041838646238991	0.001482165921853
1.465217089033104	0.042247081048777	0.001512909544225
1.465842596720904	0.042414744384621	0.001487405492845
1.466467036625545	0.041711545672866	0.001496866942559
1.467092544313346	0.044642609106314	0.001621114536543
1.467716984225262	0.046777965646382	0.001615199798773
1.468342491905787	0.043395660433957	0.001529621632940
1.468966931817704	0.042099369544876	0.001679914715815
1.469592439505504	0.047874799232186	0.001703765741404
1.470216879417421	0.045564271586049	0.001663019574543
1.471466827009863	0.044933717666348	0.001675548746075
1.472091266921780	0.043501079008487	0.001607287792948
1.472716774602304	0.044656107089857	0.001633610532946
1.473341214514221	0.042207980344664	0.001669020380209
1.473966722202022	0.046718972895863	0.001623402337012
1.474591162113938	0.045407061501641	0.001627662664406
1.475841109706380	0.044175058125076	0.001600558446474
1.476466617394181	0.042316062433786	0.001595633621528
1.477091057298821	0.045807435297046	0.001593716123176
1.477715497210738	0.042297648067449	0.001600908641268
1.478341004898539	0.047101655168756	0.001771729052449
1.478965444810456	0.044757152386738	0.001645685883975
1.479590952490980	0.043516806595338	0.001528850096679
1.480840900090698	0.044419844709844	0.001526451491713
1.481465339995339	0.042911142237658	0.001445562105992
1.482090847683139	0.042009743583615	0.001518799751166
1.482715287595056	0.043218899846730	0.001604644883554
1.485215182787215	0.041807050941560	0.001455347729484
1.485839622691856	0.041617911661686	0.001512343689031
1.486465130379656	0.042628550242763	0.001480763636931
1.487089570291573	0.043135079446844	0.001495797304457
1.487715077979374	0.044176770836239	0.001540013188915
1.488965025571815	0.045933541108123	0.001477233459136
1.490214973164257	0.046053216878701	0.001566172253176
1.490839413076174	0.041846273442814	0.001470942142092
1.491463852988090	0.044757751784612	0.001522281282580
1.492089360675891	0.045572760682142	0.001625641499025
1.492713800580532	0.045331455805893	0.001650044241700
1.493963748180249	0.044711778672048	0.001563510731870
1.494589255860774	0.044872037627527	0.001593148082139
1.495213695772691	0.044504820470881	0.001544034997819
1.495839203460491	0.044429283773270	0.001676317190182
1.496463643372408	0.043427504982508	0.001671488066726
1.497089151052933	0.043987325817248	0.001699962003532
1.497713590964850	0.048308039416845	0.001721393472540
1.498338030876766	0.044128603576207	0.001715774881512
1.498963538557291	0.042654664084165	0.001696490394621
1.499587978469208	0.043998098222149	0.001901950141449
1.500213486157008	0.042145623820114	0.001926074049015
1.500837926068925	0.044587372976223	0.001690580329391
1.501463433749450	0.043685141417145	0.001746036411878
1.502087873661367	0.047594535131569	0.001840441809764
1.502713381349167	0.046230773497738	0.001737813279676
1.503337821253808	0.043723351591319	0.001792974643688
1.503963328941609	0.044693091338140	0.001633466335172
1.504587768853526	0.044320229814366	0.001729518995316
1.505212208765442	0.042903225806452	0.001680433457511
1.506462156357884	0.047381355511135	0.001821744388300
1.507087664045685	0.044522874328760	0.001698099805237
1.508337611638126	0.042732495950613	0.001647438384576
1.508962051550043	0.046562730506177	0.001671399135759
1.509587559237843	0.043943134756292	0.001626229926170
1.510211999142484	0.041720280112719	0.001476232478980
1.510836439054401	0.042489842634583	0.001597759356885
1.511461946742202	0.048076885542192	0.001814310077759
1.512086386646843	0.046190112130479	0.001927719210969
1.512711894334643	0.045364010062912	0.001904064842265
1.513336334246560	0.043630690024171	0.001703839849596
1.513961841934361	0.042723377857046	0.001571530008162
1.514586281839001	0.042096403206976	0.001614033970173
1.515211789526802	0.042869530117060	0.001530411666805
1.515836229438719	0.043978652641349	0.001537427396326
1.516461737126519	0.046638864296476	0.001672511490255
1.517086177031160	0.044150790370503	0.001604458496471
1.518336124630878	0.042313811354042	0.001607169538934
1.518960564535519	0.045211090107120	0.001872757698630
1.519586072223319	0.046725776759214	0.001689837149749
1.520210512135236	0.042957536618395	0.001596984489721
1.520836019823037	0.042534189868760	0.001683132600893
1.521460459727678	0.042224322547773	0.001614826020879
1.522710407327395	0.046110225470004	0.001589511730733
1.523335915007920	0.043123708017952	0.001659194908764
1.523960354919836	0.043910846033191	0.001593438199513
1.524584794831753	0.041821308248329	0.001560439249858
1.525210302519554	0.043793267533424	0.001613286874991
1.525834742424195	0.043446833676708	0.001578675841390
1.526460250111995	0.044225862371204	0.001711109003594
1.527084690023912	0.042269480435322	0.001523470880912
1.527710197704437	0.045137363598549	0.001627232302368
1.528334637616354	0.042858649665405	0.001587274189846
1.528960145304154	0.044931702445193	0.001616173550448
1.530210092896596	0.044205273054738	0.001585022631420
1.530834532808512	0.043188842222046	0.001558359994156
1.531458972720429	0.047125576263840	0.001658230869808
1.533334428000671	0.043311903898350	0.001638955339936
1.533958867912588	0.041943197060710	0.001579219206564
1.534584375593113	0.042019103734188	0.001591662528011
1.535208815505030	0.042095173746690	0.001521337732781
1.535834323192830	0.042390514627847	0.001621340444323
1.536458763097471	0.046890156749245	0.001760025492746
1.537084270785272	0.043946918828718	0.001555356169732
1.538958658289630	0.045752248072941	0.001646983217786
1.539583098201547	0.044277415034969	0.001688918139081
1.540208605889347	0.044047619047619	0.001604716311156
1.541458553481789	0.048488491995557	0.001675976021481
1.542082993393706	0.045140988510869	0.001597572630597
1.543332940986147	0.045797574719739	0.001746113557448
1.543958448673948	0.042664553187482	0.001652663944690
1.544582888585865	0.042606205509550	0.001728482840139
1.545207328490505	0.044864594295264	0.001708152490679
1.545832836178306	0.048168882668533	0.001841925670233
1.547082783778023	0.042728371042144	0.001632575764395
1.547707223682664	0.043281370729415	0.001820134432763
1.548332731370465	0.046128209461451	0.001872073716065
1.548957171282382	0.046829841040462	0.001774988572925
1.549582678962906	0.047694892499811	0.001667783074825
1.550207126339956	0.043865056292826	0.001659707599439
1.550832626562624	0.043926087758040	0.001781290162435
1.551457073939673	0.043481510915622	0.001684953095615
1.552081513851590	0.043299112258244	0.001744455977677
1.552707021532115	0.048220793515591	0.001784552881629
1.553331461444031	0.044448742441227	0.001702705657356
1.555206916724273	0.046070355804664	0.001755553078811
1.555831356636190	0.042772326150568	0.001541729103157
1.556456864323991	0.042573813637565	0.001701471482380
1.557081304228632	0.047984907846276	0.001721592443134
1.557706811916432	0.046848352088330	0.001708311300466
1.558331251828349	0.044394264423620	0.001616539417726
1.558955691732990	0.044616778740136	0.001712623790393
1.559581199420791	0.042564868860143	0.001503930699037
1.560205639332708	0.044221273480366	0.001581529859143
1.560831147020508	0.043642633179817	0.001507429214804
1.561455586925149	0.043380878003917	0.001536107362235
1.562081094612950	0.045202143987914	0.001553658280822
1.562705534524866	0.042963797717988	0.001514857925831
1.563955482117308	0.042193092754101	0.001471888251984
1.564580989805108	0.045094096295338	0.001636649742303
1.566455377309467	0.041769453505275	0.001486053035872
1.567705324901908	0.042512375992358	0.001535152843566
1.568955272501626	0.044261001517451	0.001571708213533
1.569579712413542	0.042154333667734	0.001521460470925
1.570205220094067	0.043206970091439	0.001552715743981
1.570829660005984	0.042903368026579	0.001540707556516
1.571455167693784	0.042099063549090	0.001548075988742
1.572079607598425	0.042772509901234	0.001545883406009
1.572704047510342	0.041943551846666	0.001422116293500
1.573329555198143	0.042742089666380	0.001546797933014
1.573953995110060	0.046210811586107	0.001611135841045
1.574579502790584	0.045146735765191	0.001623104136179
1.575203942702501	0.045168847956051	0.001646211915495
1.575829450390302	0.046918201870204	0.001622613766073
1.576453890294943	0.046261148044437	0.001695281782549
1.578328277806577	0.045978807989484	0.001589860866942
1.578953785487101	0.046367754793593	0.001659084256418
1.579578225399018	0.044990572267350	0.001656730824700
1.580828172991460	0.041953560284711	0.001535256141873
1.581453680679260	0.042239615549317	0.001598553866484
1.582703628278978	0.044712929383481	0.001644019551076
1.583953575871419	0.041702629554268	0.001543743750817
1.584578015783336	0.045241908628154	0.001687047085693
1.585202455687977	0.043060039537322	0.001600690768542
1.585827963375777	0.046519638958988	0.001582722760413
1.586452403287694	0.045214360293621	0.001665393006896
1.587077910975495	0.046875796390611	0.001665647247188
1.587702350880136	0.045363668769276	0.001618139657363
1.588952298479853	0.045492687838824	0.001777487514934
1.589577806160378	0.042912692531415	0.001543564986132
1.590202246072295	0.048316275144407	0.001652541618274
1.591452193672012	0.043546432898582	0.001585723449985
1.592076633576653	0.042890059639790	0.001649067581951
1.592702141264454	0.046093115511964	0.001805870482460
1.593952088856895	0.043776460961311	0.001669460645515
1.594576528768812	0.048393273820569	0.001787933795422
1.595202036456612	0.042165666653244	0.001579463709976
1.595826476368529	0.046127850860588	0.001604917669612
1.597701931648771	0.044181072131491	0.001624562719556
1.598326371553412	0.042869067010268	0.001561382364719
1.598950811465329	0.043520601360949	0.001547068708650
1.600200759065046	0.044485096912103	0.001615059324597
1.601450706657488	0.043583209345025	0.001643462627068
1.603326161937730	0.043784887885069	0.001725265558090
1.603950601849647	0.045417542265387	0.001792551487411
1.605200549442088	0.045659882069465	0.001671628536140
1.605824989354005	0.043938865574007	0.001684545001493
1.606450497041806	0.048050322488061	0.001804649112296
1.607074936946447	0.042561558958554	0.001569978105233
1.607700444634247	0.045277878891068	0.001572126468885
1.608324884546164	0.041611482065168	0.001556992935534
1.608950392233965	0.043202426268065	0.001671904999538
1.609574832138605	0.042144006628320	0.001522965906097
1.610200339826406	0.044649426276984	0.001664898722939
1.610824779738323	0.042186581171107	0.001575552332632
1.612699167242681	0.042409571786474	0.001609357340150
1.613324674930482	0.044317690289563	0.001670685461705
1.613949114835123	0.044462056350093	0.001670621041408
1.614574622522923	0.043033054031312	0.001777923226266
1.615199062434840	0.043433521090673	0.001654092836674
1.615824570122641	0.043852798673977	0.001662854603345
1.616449010027281	0.042392060585220	0.001588311431369
1.617698957626999	0.043005671077505	0.001658790462054
1.618324465307523	0.045614578247737	0.001586940456868
1.618948905219440	0.041895881774017	0.001635618770073
1.619573345131357	0.045357045669191	0.001631308196068
1.620198852819158	0.043817571668553	0.001634416225629
1.622698748004041	0.042601185119389	0.001702921843457
1.623323187915958	0.045674806131080	0.001677895161892
1.624573135515675	0.045111684858605	0.001699886498384
1.625198643196200	0.042647319058574	0.001581555562551
1.625823083108116	0.042501788499654	0.001654163986845
1.626447523020033	0.042854702447509	0.001635641923250
