0.709684044573805	0.334033771106942	0.031128414834569
0.742804986417468	0.333055925432756	0.027520422175754
0.799672804489092	0.345491011736740	0.027507558690275
0.835293641524913	0.349823874755382	0.039685424015678
0.932156579328876	0.332842656198888	0.029880672503234
0.946530442794028	0.362870798877172	0.035327835259439
0.952779112994904	0.338872180451128	0.031826133998336
0.959028850971663	0.331340389432011	0.030824435254549
0.959653290883580	0.329776915615907	0.032869487750719
0.978401437037974	0.336252886376304	0.030362197941824
1.024020794531680	0.334328103683493	0.030435967516441
1.035269255116873	0.345062328706569	0.037110375542810
1.036519202709314	0.334889058913542	0.029073448653553
1.059017191655585	0.349975957685527	0.041759462011686
1.060266071472142	0.332628114715562	0.032319560253545
1.069640144552977	0.354006063230836	0.032164072262131
1.077139830122178	0.342248520710059	0.029567263925379
1.087138343114930	0.334173029992915	0.029310457401034
1.092762573403888	0.337973766798101	0.028296036977495
1.114635054662358	0.337629539318993	0.031891948306495
1.120883732335642	0.335481653347083	0.029509816505973
1.137131983297877	0.352705945081312	0.028818523497182
1.160254412156064	0.333532321337199	0.030295996748887
1.165878642445023	0.338439880755217	0.034062657295255
1.171502872741257	0.346821813129559	0.033508253631881
1.194625301592168	0.330643805681627	0.027131447654200
1.206499269865162	0.331086073143702	0.030585786000015
1.211497992473596	0.345166666666667	0.030163581590061
1.214622327570396	0.375412701495436	0.034038998483305
1.217122222762555	0.423609341825902	0.050202260772108
1.223371960739314	0.338724499172946	0.033497232453904
1.223996400651231	0.348397131253780	0.032972855467707
1.232746041285282	0.355904481517828	0.035768245980889
1.244618941782392	0.329677729677730	0.032056627766647
1.248368784566992	0.357849528338063	0.039999281297084
1.253993014855951	0.347285601888277	0.034527101116161
1.267116930728662	0.372048393825615	0.032889581651526
1.278365391306579	0.337408714203660	0.037848524817340
1.283989621602814	0.336804957824066	0.035928305329301
1.289613851891772	0.344962559564329	0.034970296487334
1.292113747083931	0.354525579361609	0.039665525965245
1.302112260076683	0.373257967059741	0.032057084035323
1.325234688927594	0.357345019629325	0.032726481235871
1.328359024031670	0.340072393396310	0.031884297445054
1.333983261785761	0.358939311098961	0.031824085846881
1.339607492081996	0.332365339578454	0.033857459537413
1.341482947362238	0.368845428032253	0.036265760484637
1.344607282459037	0.365263935031377	0.033149432725542
1.353981355539872	0.356589829315502	0.033489714148408
1.355231303139590	0.388531098367887	0.040569415437550
1.355855743044231	0.367068415455512	0.036892796116442
1.357730130555865	0.352138546313304	0.039810815521507
1.360230025740748	0.360417471975261	0.035452453711128
1.360855533428548	0.369193960894316	0.041060215330634
1.362105481028266	0.372791841194682	0.038518440729104
1.375228329117817	0.339574225432427	0.031951071241284
1.375853836798342	0.345169664379752	0.031733077134347
1.377728224302700	0.330992978936810	0.032428457679297
1.378352664214617	0.338746893858715	0.031490611778676
1.378978171902418	0.349710254472159	0.033126740466813
1.382728014687018	0.338128278896598	0.036892454024864
1.383352454598935	0.344292389853138	0.035779562674340
1.388976684887893	0.342801628423390	0.031076036432777
1.390851072392252	0.346867253611420	0.033930473350458
1.397100810376287	0.335421852201528	0.035628840664299
1.400850653160887	0.349061967026720	0.037329004018135
1.403974988257687	0.331529581529582	0.033439801923715
1.407724831049563	0.334347754564896	0.035410948199935
1.408349270954204	0.353652173913043	0.040213155677387
1.420223239227198	0.344129921974233	0.032524900115732
1.423972014235915	0.366893865628043	0.037259535222752
1.425847469523433	0.336055276381910	0.035702415851445
1.430221752219950	0.330714229590634	0.033261137284516
1.434596034916467	0.334077444835580	0.034443609703469
1.435845982508908	0.332347140039448	0.032465423640538
1.438970317612984	0.338296432369719	0.036551075095483
1.439595825293509	0.353643276542497	0.033243525102447
1.442720167862717	0.334438916528469	0.034671645925308
1.446470010647317	0.329682007684133	0.033164181353020
1.447719958247035	0.361359881749413	0.038027488189925
1.449594345751393	0.343016759776536	0.034666515295495
1.452094240943552	0.330127628977171	0.034105655310525
1.452718680855469	0.331582403151674	0.034000030419754
1.473341214514221	0.367197510525352	0.037733977732930
1.476466617394181	0.349240780911063	0.036410085354072
1.498963538557291	0.380467955239064	0.037455964867872
1.503337821253808	0.366873630387144	0.039968229775619
1.505837716445967	0.347768532526475	0.038508666902064
1.506462156357884	0.343389529724933	0.037077798561364
1.512711894334643	0.367728237791932	0.040784226466146
1.513336334246560	0.342423462824801	0.040160836957906
1.528334637616354	0.364962173001550	0.035953607123014
1.533958867912588	0.345939933259177	0.035698899615788
1.535208815505030	0.382232176185144	0.036106810159299
1.538333150609105	0.337871053129136	0.036529358502639
1.540833045793988	0.357018393030010	0.040573801098671
1.547707223682664	0.339744179626392	0.039278849619082
1.548332731370465	0.335094146715515	0.036499911801479
1.553956969131832	0.336303509094250	0.040480411017844
1.554581409036473	0.363056092843327	0.045383748062809
1.555206916724273	0.350865400772979	0.035351052681113
1.568329764813825	0.331563421828909	0.033888339521207
1.577079397982743	0.330153786256570	0.036481486702431
1.577703837894660	0.358624663849405	0.036072185625813
1.578328277806577	0.334437374705831	0.031853304400083
1.579578225399018	0.335720601237843	0.034439718519269
1.583328068183619	0.361881668283220	0.036928323135934
1.589577806160378	0.334880698171015	0.033748565411311
1.597701931648771	0.357437834988138	0.035107259867013
1.603326161937730	0.367664877964341	0.036611648640049
1.604576109537447	0.335196398074833	0.036767471596292
1.611450287426123	0.386445565969719	0.039044275236663
0.624694007259677	0.187153570264102	0.019900399375256
0.627193902451836	0.209287378484775	0.022493801094361
0.629068289956194	0.190690569981510	0.022362499937605
0.632193692836154	0.189399667321942	0.022497691919923
0.636567975532671	0.201172395417000	0.022436073983942
0.644692101013788	0.201637021879427	0.023799698610586
0.657814949103340	0.206593054888782	0.023730514094158
0.658440456791141	0.214080917489646	0.023924701373403
0.666564582272258	0.210052822713767	0.022866340367846
0.684687220746127	0.201033888569787	0.022706871248001
0.685311668123177	0.209580357859263	0.023642584519425
0.688437063530728	0.210731555139604	0.023433327868820
0.706559709469730	0.216141929035482	0.022569840563246
0.707809657069447	0.216234033786568	0.023574310174896
0.708434096981364	0.202024426970052	0.024048557198304
0.712808379677881	0.215643628161753	0.021987675869368
0.715932714774681	0.216075071399429	0.022889290917007
0.721558012846799	0.195340772014475	0.020881330199443
0.722806892663357	0.197129267878376	0.021866602093360
0.723432400351157	0.204813359528487	0.021192520396883
0.729681070552033	0.216270430906389	0.025617040408616
0.734056421024434	0.213544124587069	0.025191368477343
0.743429426329385	0.215308121139069	0.026896975425981
0.747179269113985	0.216518565534751	0.022546129046375
0.748429216706427	0.205051011874895	0.023009236136502
0.754053447002661	0.175642781074091	0.024141550589286
0.760927624891337	0.202641094167584	0.023497578944308
0.775925928261131	0.218448390186399	0.027684481955732
0.779050263357931	0.217749603803487	0.023015878042235
0.793424126823083	0.216544060103303	0.022266478366469
0.801548259769334	0.215145263881726	0.024849191483440
0.803422647280968	0.171408605370869	0.030319579308303
0.808422437658010	0.204569851249808	0.024215668811674
0.815296615546686	0.198727243434832	0.020709833218644
0.815921055458602	0.191027613571949	0.020779617401127
0.827795023724320	0.194481047980777	0.020990301133955
0.853416279998783	0.209367296631060	0.021600695530111
0.873414373752894	0.192469769146207	0.022516670817437
0.902785480277089	0.207526611348588	0.026229717827405
0.908409710566048	0.217021276595745	0.024201749298408
0.910285165846290	0.213529794855096	0.025582902522993
0.915909396142524	0.211155704807929	0.023448018653769
0.916533836047165	0.194066455696203	0.023370502635340
0.920283678839041	0.201566125290023	0.023424544395110
0.921533626431483	0.217862632473101	0.024428309985825
0.937156369713193	0.188579430527462	0.023009602539859
0.956528955779504	0.217911218169305	0.026382506989453
1.027145129628479	0.213216474055689	0.026716418028698
1.067765757048619	0.197743755036261	0.023714010994348
1.070890092145419	0.206075533661741	0.025368790930159
1.074639934937295	0.185966155754408	0.028317340932166
1.092138133499247	0.208181975436776	0.026435694612388
1.099012311387924	0.199983826621381	0.024799242229981
1.100261191204481	0.192053527176607	0.024171129489129
1.124633575120242	0.176188472864956	0.025623008117209
1.129007857816759	0.198697330331296	0.026691481112709
1.140256318401953	0.197673424001369	0.022678359257383
1.151505846763030	0.214571472534236	0.024735419071424
1.159004464556347	0.214255659345283	0.027072176910574
1.180252505910175	0.207687338501292	0.025044775701046
1.193375353999727	0.218628602403108	0.027331778482485
1.204623814584920	0.206463496316142	0.024995771857890
1.213373447753838	0.210024079193793	0.027145220008824
1.220872065547155	0.208425910100837	0.028375541236653
1.234620428789640	0.211059059728961	0.026935455975545
1.271491213425179	0.113766730401530	0.026896088718543
1.272115653329820	0.075762439807384	0.026202911798378
1.272741161017620	0.109628822942191	0.026019971175610
1.273365600929537	0.110922416875223	0.025742177239444
1.308361998053442	0.217125382262997	0.026903096495038
1.330233411536028	0.218913748648424	0.027749868394081
1.336483156977920	0.217416283650689	0.029227956740372
1.343357334866596	0.206089186729544	0.029004889837337
1.388352244983253	0.193462821938906	0.027299546927613
1.428971804620232	0.216641169471358	0.028630128056958
1.475841109706380	0.200339558573854	0.030700794862108
1.488965025571815	0.200706957496336	0.027143279293160
1.497713590964850	0.195362082994304	0.033269922184090
1.557706811916432	0.195661106089243	0.030657343835070
1.578953785487101	0.211872994426617	0.031561229289057
1.617074517715082	0.205397158386574	0.035490100890367
1.622073240323516	0.215577190542420	0.034247693237322
1.623323187915958	0.212097611630322	0.031509039912990
