0.646566488518147	0.015169108120163	0.001311567164286
0.709684044573805	0.015836476197253	0.001382327010198
0.715308274862764	0.014898266025911	0.001203239187832
0.719682557559281	0.015785319652723	0.001269147032353
0.720308065247082	0.015181820552073	0.001164161417798
0.745929321514268	0.015556240413973	0.001216856301880
0.756553342194820	0.015038950329127	0.001183685796575
0.778425823453290	0.016623415833399	0.001367869332210
0.780925718645449	0.014949479630718	0.001381788577684
0.785300001341966	0.015580798666696	0.001288482954089
0.797798416984733	0.015433291815201	0.001147417186051
0.799672804489092	0.016826270833861	0.001239583095111
0.835293641524913	0.015900576035637	0.001680955078687
0.839043484309514	0.015266360627736	0.001145893532019
0.842167819413589	0.015217658410367	0.001263050974903
0.846542102110106	0.015294633824420	0.001415878006248
0.880288551641570	0.014868487949758	0.001146849304783
0.897785682427639	0.015973033675145	0.001523325609476
0.907785270654131	0.014931203789754	0.001112358059747
0.932156579328876	0.015210688591984	0.001272556793847
0.939030757217552	0.015049186495568	0.001204377506207
0.944030547601869	0.015510004809304	0.001233433223603
0.945904935106228	0.015171428676614	0.001437459425804
0.946530442794028	0.017413496825304	0.001574815451377
0.947154882698669	0.015764549418978	0.001298832166883
0.952779112994904	0.015658113244255	0.001367159124372
0.959653290883580	0.015448657679416	0.001445190570514
0.969027363957139	0.015064031386483	0.001282450764897
0.973401646653656	0.015481722259793	0.001296314846355
0.978401437037974	0.015404088302669	0.001296791060877
1.035894762797398	0.015498037825845	0.001408389022957
1.036519202709314	0.015869447778024	0.001281858972902
1.049017610886949	0.015079548246365	0.001200569525958
1.050893066167191	0.015383179663295	0.001230125654126
1.057141736375343	0.015987645241947	0.001582907198688
1.059017191655585	0.016205825487715	0.001812547733944
1.059641631560226	0.015111217662968	0.001455130569713
1.060266071472142	0.015390137260447	0.001401192198794
1.069640144552977	0.015659783820650	0.001320094528977
1.070265652240778	0.015192210844385	0.001355661435535
1.077139830122178	0.015798098983940	0.001273031878369
1.087138343114930	0.015924462901066	0.001296312012508
1.092762573403888	0.015868937687971	0.001241378775344
1.137131983297877	0.015107166102701	0.001140167238475
1.160254412156064	0.014865974365602	0.001263832845277
1.163378747252864	0.015439272823478	0.001181352152121
1.165878642445023	0.015506022953619	0.001466242239706
1.171502872741257	0.015293131109690	0.001376418320021
1.194625301592168	0.015083950967574	0.001148502172698
1.211497992473596	0.015573419158840	0.001265380687470
1.215247835258197	0.015348105444654	0.001405308444862
1.217122222762555	0.017809833255972	0.001937052799760
1.217747730450355	0.015103323493001	0.001510073218329
1.223996400651231	0.015056630406775	0.001320035579291
1.232746041285282	0.016478419404550	0.001535424269916
1.247118836974551	0.015119442463484	0.001559960137796
1.248368784566992	0.017060516203103	0.001775178750646
1.253993014855951	0.016242750743325	0.001506922823446
1.267116930728662	0.016937177846065	0.001381034936080
1.278365391306579	0.015204738908897	0.001606355509261
1.281489726410655	0.014961598813909	0.001525614390194
1.289613851891772	0.015539592612752	0.001469900046139
1.290238291803689	0.015030366922341	0.001420335100688
1.292113747083931	0.015518950805615	0.001617111471079
1.294613642276090	0.015767172671238	0.001871798135276
1.296488029780448	0.014936613530815	0.001283684371644
1.302112260076683	0.014924326262138	0.001182744262394
1.328359024031670	0.014913296140430	0.001294981656588
1.333983261785761	0.015635667899843	0.001284180423181
1.341482947362238	0.016168635103987	0.001464667175162
1.344607282459037	0.015725944232099	0.001317255733986
1.353981355539872	0.015750877315705	0.001366091574236
1.354605795451789	0.015485538069694	0.001582408223595
1.355231303139590	0.016601014003807	0.001603956104341
1.355855743044231	0.015829400187262	0.001484674734089
1.357730130555865	0.015186320994919	0.001600958889965
1.360230025740748	0.017809935667242	0.001629619611808
1.360855533428548	0.016901270144614	0.001742944378820
1.362105481028266	0.015824546213550	0.001513153182611
1.370854046421300	0.015060824078354	0.001404373212740
1.378978171902418	0.016087158089940	0.001423718536409
1.381478067094577	0.015347886690817	0.001829775947911
1.382728014687018	0.014973189896469	0.001522905419974
1.383352454598935	0.015654938742369	0.001523225538101
1.390851072392252	0.015757203931147	0.001442496324639
1.407724831049563	0.015363044036947	0.001528544374634
1.408349270954204	0.015130602359436	0.001605054734822
1.417723344035039	0.015043534903082	0.001335477457321
1.420223239227198	0.014918504766999	0.001307661573592
1.423972014235915	0.014968537469014	0.001408076921620
1.427097417115874	0.015302513234711	0.001595290756390
1.430221752219950	0.016410124450267	0.001553669034006
1.430846192124591	0.015055901936245	0.001532906120610
1.439595825293509	0.014996040784006	0.001299880357029
1.446470010647317	0.016684938874294	0.001574172460175
1.447719958247035	0.015924836000245	0.001557516909240
1.449594345751393	0.015704746052171	0.001485371865493
1.469592439505504	0.015395463626748	0.001517817546644
1.470841319322062	0.015513573898938	0.001635274149729
1.473341214514221	0.015498665306864	0.001473623080202
1.478341004898539	0.015350752573297	0.001479252602763
1.498963538557291	0.016228732825512	0.001465523312570
1.503337821253808	0.016040944731001	0.001622704019951
1.506462156357884	0.016270261386699	0.001645274528162
1.511461946742202	0.015169436279389	0.001625535175953
1.512711894334643	0.016681627479610	0.001716256712093
1.513336334246560	0.014940171963512	0.001655303805930
1.528334637616354	0.015641785913798	0.001431697756458
1.535208815505030	0.016090129868089	0.001408341944493
1.541458553481789	0.015614735660282	0.001447104891735
1.548332731370465	0.015457292989000	0.001565955867134
1.549582678962906	0.015049629220668	0.001487219824699
1.555206916724273	0.016164493853157	0.001511566008513
1.578328277806577	0.015377031836107	0.001368506855587
1.579578225399018	0.015104261971629	0.001449748546991
1.583328068183619	0.014870229251028	0.001420647705263
1.597701931648771	0.015791986770135	0.001442163656390
1.603326161937730	0.016098165460946	0.001476098370469
1.604576109537447	0.016436624972403	0.001691945663438
0.624694007259677	0.008234614791463	0.000847244437582
0.627193902451836	0.009815410005313	0.001018290874319
0.629068289956194	0.009162546353523	0.001047602548548
0.632193692836154	0.009020850588786	0.001041530919261
0.636567975532671	0.007735708577244	0.000834130453687
0.644692101013788	0.009106160342352	0.001042234763140
0.657814949103340	0.009331709379777	0.001038109058967
0.684687220746127	0.008947549101958	0.000979583941263
0.685311668123177	0.009452500461407	0.001032295250943
0.707809657069447	0.009743490724375	0.001025798949839
0.708434096981364	0.008779104640384	0.001015022493244
0.712808379677881	0.009435691374996	0.000924497548622
0.721558012846799	0.009252216639706	0.000954341631035
0.722806892663357	0.008452201906024	0.000907580774270
0.723432400351157	0.009403151671859	0.000936738638320
0.748429216706427	0.009332881660431	0.001009532539404
0.752803499402944	0.009761404017695	0.001019906799791
0.754053447002661	0.008566160512560	0.001150721459450
0.760927624891337	0.009299641072814	0.001046947493333
0.801548259769334	0.009535347070633	0.001063697059306
0.803422647280968	0.007535791718968	0.001308417954580
0.810296825162368	0.009864589806466	0.001027966100884
0.815296615546686	0.009248845300222	0.000930635382350
0.815921055458602	0.009049756396977	0.000952236203340
0.827795023724320	0.009448706216413	0.000987594368948
0.873414373752894	0.008392686658384	0.000951421761178
0.895911294916004	0.009620491797147	0.000969715318420
0.902785480277089	0.009090675448935	0.001116888486633
0.910285165846290	0.009520974820052	0.001104297470956
0.916533836047165	0.009221215185496	0.001075895759721
0.920283678839041	0.009194418965639	0.001032654802792
0.937156369713193	0.009065308366337	0.001074076861288
0.956528955779504	0.009643682493271	0.001127766110709
1.067765757048619	0.009249103922389	0.001074997141738
1.074639934937295	0.008193425741956	0.001218478478718
1.092138133499247	0.008998635437501	0.001107393912914
1.099012311387924	0.009371826160772	0.001130158800937
1.100261191204481	0.008637310954339	0.001055800954487
1.107135369093157	0.009650239122611	0.001025015725588
1.124633575120242	0.007943552975987	0.001131072261551
1.129007857816759	0.009661174667469	0.001263663442560
1.140256318401953	0.009144688680925	0.001013851724868
1.159004464556347	0.009610230781426	0.001174743892258
1.180252505910175	0.009726949549958	0.001135435781771
1.193375353999727	0.009300824006887	0.001123071770129
1.202749427080562	0.009745789796248	0.001098848219792
1.204623814584920	0.009465320692435	0.001106298290834
1.213373447753838	0.009092909846984	0.001139811019528
1.220872065547155	0.009277362323030	0.001225559853757
1.234620428789640	0.009773614726664	0.001209477117766
1.250243172071350	0.009848969690466	0.001372722612372
1.260867192744627	0.009401330376940	0.001146113862699
1.271491213425179	0.004961565868672	0.001160073099046
1.272115653329820	0.003585468218850	0.001234514124276
1.272741161017620	0.004682987342754	0.001101178447764
1.273365600929537	0.004750511991119	0.001091191407071
1.298362417284807	0.009079212674028	0.001214380763933
1.298987924972607	0.009696312115806	0.001120309449784
1.310860825469717	0.009855824728726	0.001222873815197
1.338983052170079	0.009754384595876	0.001187037173720
1.343357334866596	0.009596640597912	0.001314486496547
1.368354151229141	0.009395540761307	0.001296941413086
1.373353941606183	0.009818383322797	0.001167703056353
1.387102297383535	0.009638095841986	0.001201640223123
1.388352244983253	0.008791234427734	0.001206051023050
1.428971804620232	0.009853111712408	0.001257134815001
1.475216669794463	0.009680941886553	0.001140537479071
1.475841109706380	0.008850011644752	0.001319087981327
1.488965025571815	0.009219181282844	0.001212578170592
1.497713590964850	0.009437559205846	0.001572915189564
1.533334428000671	0.009768793269058	0.001332001645837
1.557706811916432	0.009166400388061	0.001398152087253
1.578953785487101	0.009824075052958	0.001422098251518
1.590827753760095	0.009788960583813	0.001298558057517
1.596451984049054	0.009691490085500	0.001429506671508
1.612074727330764	0.009782833013192	0.001326370830543
1.617074517715082	0.008432970801719	0.001417810598865
1.622073240323516	0.008468292682927	0.001304027859318
1.623323187915958	0.009687517292080	0.001395972655838
1.623948695603758	0.009418113524522	0.001351840744966
